I	0	ὅτι	ADV	Df		ὅτι	mark	14
I	1	οἱ	DET	S-	Case=Nom|Definite=Def|Gender=Masc|Number=Plur|PronType=Dem	ὁ	det	3
I	2	Ῥωμαίων	ADJ	A-	Case=Gen|Degree=Pos|Gender=Masc|Number=Plur	Ῥωμαῖος	amod	3
I	3	στρατηγοὶ	NOUN	Nb	Case=Nom|Gender=Masc|Number=Plur	στρατηγός	nsubj	11
I	4	Κορνήλιος	PROPN	Ne	Case=Nom|Gender=Masc|Number=Sing	Κορνήλιος	appos	3
I	5	καὶ	CCONJ	C-		καί	cc	4
I	6	Κορουῖνος	PROPN	Ne	Case=Nom|Gender=Masc|Number=Sing	Κορουῖν	conj	4
I	7	,	PUNCT	Z		,	cc	4
I	8	καὶ	CCONJ	C-		καί	cc	4
I	9	Δέκιος	PROPN	Ne	Case=Nom|Gender=Masc|Number=Sing	Δέκιος	conj	4
I	10	δημότης	NOUN	Nb	Case=Nom|Gender=Masc|Number=Sing	δημότης	appos	9
I	11	,	PUNCT	Z		,	parataxis	14
I	12	Σαυνίτας	NOUN	Nb	Case=Acc|Gender=Masc|Number=Plur	Σαυνῖται	obj	13
I	13	νικήσαντες	VERB	V-	Aspect=Perf|Case=Nom|Gender=Masc|Number=Plur|Tense=Past|VerbForm=Part|Voice=Act	νικάω	advcl	14
I	14	ὑπέλιπον	VERB	V-	Aspect=Imp|Mood=Ind|Number=Plur|Person=3|Tense=Past|VerbForm=Fin|Voice=Act	ὑπολείπω	ROOT	14
I	15	Καμπανοῖς	PROPN	Ne	Case=Dat|Gender=Masc|Number=Plur	Καμπανός	iobj	14
I	16	φύλακας	NOUN	Nb	Case=Acc|Gender=Fem|Number=Plur	φύλαξ	obj	14
I	17	πρὸς	ADP	R-		πρός	case	20
I	18	τὰς	DET	S-	Case=Acc|Definite=Def|Gender=Fem|Number=Plur|PronType=Dem	ὁ	det	20
I	19	Σαυνιτῶν	NOUN	Nb	Case=Gen|Gender=Masc|Number=Plur	Σαυνῖται	nmod	20
I	20	ἐπιδρομάς	NOUN	Nb	Case=Acc|Gender=Fem|Number=Plur	ἐπιδρομή	obl	14
I	21	.	PUNCT	Z		.	punct	14
I	22	οἱ	DET	S-	Case=Nom|Definite=Def|Gender=Masc|Number=Plur|PronType=Dem	ὁ	det	24
I	23	δὲ	ADV	Df		δέ	discourse	32
I	24	φύλακες	NOUN	Nb	Case=Nom|Gender=Masc|Number=Plur	φύλαξ	nsubj:pass	32
I	25	οἵδε	DET	Pd	Case=Nom|Gender=Masc|Number=Plur	ὅδε	det	24
I	26	Καμπανοῖς	NOUN	Nb	Case=Dat|Gender=Masc|Number=Plur	Καμπανός	iobj	27
I	27	ἁβροδιαίτοις	ADJ	A-	Case=Dat|Degree=Pos|Gender=Masc|Number=Plur	ἁβροδίαιτος	iobj	31
I	28	καὶ	CCONJ	C-		καί	cc	27
I	29	πολυτελέσιν	ADJ	A-	Case=Dat|Degree=Pos|Gender=Masc|Number=Plur	πολυτελέμι	conj	27
I	30	οὖσι	AUX	V-	Case=Dat|Gender=Masc|Number=Plur|Tense=Pres|VerbForm=Part|Voice=Act	εἰμί	cop	27
I	31	κοινωνοῦντες	VERB	V-	Case=Nom|Gender=Masc|Number=Plur|Tense=Pres|VerbForm=Part|Voice=Act	κοινωνέω	advcl	32
I	32	ἐφθείροντο	VERB	V-	Aspect=Imp|Mood=Ind|Number=Plur|Person=3|Tense=Past|VerbForm=Fin|Voice=Pass	φθείρω	ROOT	32
I	33	τὰς	DET	S-	Case=Acc|Definite=Def|Gender=Fem|Number=Plur|PronType=Dem	ὁ	det	34
I	34	γνώμας	NOUN	Nb	Case=Acc|Gender=Fem|Number=Plur	γνώμη	obl	32
I	35	,	PUNCT	Z		,	parataxis	32
I	36	καὶ	CCONJ	C-		καί	cc	32
I	37	ἐφθόνουν	VERB	V-	Aspect=Imp|Mood=Ind|Number=Plur|Person=3|Tense=Past|VerbForm=Fin|Voice=Act	φθονέω	conj	32
I	38	ὧν	PRON	Pr	Case=Gen|Gender=Neut|Number=Plur|PronType=Rel	ὅς	obj	39
I	39	ἔχουσιν	VERB	V-	Mood=Ind|Number=Plur|Person=3|Tense=Pres|VerbForm=Fin|Voice=Act	ἔχω	acl	40
I	40	ἀγαθῶν	ADJ	A-	Case=Gen|Degree=Pos|Gender=Neut|Number=Plur	ἀγαθός	iobj	37
I	41	,	PUNCT	Z		,	punct	32
I	42	αὐτοὶ	ADJ	Pd	Case=Nom|Gender=Masc|Number=Plur	αὐτός	nsubj	43
I	43	πενόμενοι	VERB	V-	Case=Nom|Gender=Masc|Number=Plur|Tense=Pres|VerbForm=Part|Voice=Mid	πένομαι	ROOT	43
I	44	καὶ	CCONJ	C-		καί	cc	43
I	45	τὰ	DET	S-	Case=Acc|Definite=Def|Gender=Neut|Number=Plur|PronType=Dem	ὁ	det	46
I	46	χρέα	NOUN	Nb	Case=Acc|Gender=Neut|Number=Plur	χρέος	obj	47
I	47	δεδιότες	VERB	V-	Case=Nom|Gender=Masc|Number=Plur|Tense=Pres|VerbForm=Part|Voice=Mid	δείδω	conj	43
I	48	τὰ	DET	S-	Case=Acc|Definite=Def|Gender=Neut|Number=Plur|PronType=Dem	ὁ	det	50
I	49	ἐν	ADP	R-		ἐν	case	50
I	50	Ῥώμῃ	PROPN	Ne	Case=Dat|Gender=Fem|Number=Sing	Ῥώμη	nmod	46
I	51	.	PUNCT	Z		.	ROOT	51
I	52	τέλος	NOUN	Nb	Case=Acc|Gender=Neut|Number=Sing	τέλος	obl	54
I	53	δὲ	ADV	Df		δέ	discourse	54
I	54	ἐπεβούλευον	VERB	V-	Aspect=Imp|Mood=Ind|Number=Plur|Person=3|Tense=Past|VerbForm=Fin|Voice=Act	ἐπιβουλεύω	ROOT	54
I	55	τοὺς	DET	S-	Case=Acc|Definite=Def|Gender=Masc|Number=Plur|PronType=Dem	ὁ	det	56
I	56	ξένους	ADJ	A-	Case=Acc|Degree=Pos|Gender=Masc|Number=Plur	ξένος	obj	58
I	57	ἑαυτῶν	PRON	Pk	Case=Gen|Gender=Masc|Number=Plur|Person=3|PronType=Prs|Reflex=Yes	ἑαυτοῦ	det	56
I	58	ἀνελόντες	VERB	V-	Aspect=Perf|Case=Nom|Gender=Masc|Number=Plur|Tense=Past|VerbForm=Part|Voice=Act	ἀναιρέω	advcl	54
I	59	ἕκαστοι	ADJ	A-	Case=Nom|Degree=Pos|Gender=Masc|Number=Plur	ἕκαστος	nsubj	54
I	60	τὴν	DET	S-	Case=Acc|Definite=Def|Gender=Fem|Number=Sing|PronType=Dem	ὁ	det	61
I	61	περιουσίαν	NOUN	Nb	Case=Acc|Gender=Fem|Number=Sing	περιουσία	obj	62
I	62	κατασχεῖν	VERB	V-	Aspect=Perf|Tense=Past|VerbForm=Inf|Voice=Act	κατέχω	xcomp	54
I	63	καὶ	CCONJ	C-		καί	cc	62
I	64	τὰς	DET	S-	Case=Acc|Definite=Def|Gender=Fem|Number=Plur|PronType=Dem	ὁ	det	65
I	65	γυναῖκας	NOUN	Nb	Case=Acc|Gender=Fem|Number=Plur	γυνή	obj	68
I	66	ἐς	ADP	R-		εἰς	case	67
I	67	γάμον	NOUN	Nb	Case=Acc|Gender=Masc|Number=Sing	γάμος	obl	68
I	68	προσαγαγέσθαι	VERB	V-	Aspect=Perf|Tense=Past|VerbForm=Inf|Voice=Mid	προσάγω	conj	62
I	69	.	PUNCT	Z		.	punct	54
I	70	καὶ	CCONJ	C-		καί	cc	73
I	71	τάχα	ADV	Df		τάχα	advmod	73
I	72	ἂν	ADV	Df		ἄν	advmod	73
I	73	ἔπραξαν	VERB	V-	Aspect=Perf|Mood=Ind|Number=Plur|Person=3|Tense=Past|VerbForm=Fin|Voice=Act	πράσσω	ROOT	73
I	74	αἰσχρὸν	ADJ	A-	Case=Acc|Degree=Pos|Gender=Neut|Number=Sing	αἰσχρός	amod	76
I	75	οὕτω	ADV	Df		οὕτως	discourse	74
I	76	μύσος	NOUN	Nb	Case=Acc|Gender=Neut|Number=Sing	μύσος	obj	73
I	77	,	PUNCT	Z		,	advcl	73
I	78	εἰ	SCONJ	G-		εἰ	mark	89
I	79	μὴ	ADV	Df	Polarity=Neg	μή	advmod	89
I	80	Μάμερκος	PROPN	Ne	Case=Nom|Gender=Masc|Number=Sing	Μάμερκος	nsubj	85
I	81	,	PUNCT	Z	Case=Nom|Definite=Def|Gender=Masc|Number=Sing|PronType=Dem	,	det	84
I	82	ἕτερος	ADJ	A-	Case=Nom|Degree=Pos|Gender=Masc|Number=Sing	ἕτερος	amod	84
I	83	Ῥωμαίων	ADJ	A-	Case=Gen|Degree=Pos|Gender=Masc|Number=Plur	Ῥωμαῖος	nmod	84
I	84	στρατηγός	NOUN	Nb	Case=Nom|Gender=Masc|Number=Sing	στρατηγός	appos	80
I	85	,	PUNCT	Z		,	det	91
I	86	ἐπὶ	ADP	R-		ἐπί	case	87
I	87	Σαυνίτας	NOUN	Nb	Case=Acc|Gender=Masc|Number=Plur	Σαυνίτης	obl	88
I	88	ὁδεύων	VERB	V-	Case=Nom|Gender=Masc|Number=Sing|Tense=Pres|VerbForm=Part|Voice=Act	ὁδεύω	advcl	89
I	89	ἔμαθε	VERB	V-	Aspect=Perf|Mood=Ind|Number=Sing|Person=3|Tense=Past|VerbForm=Fin|Voice=Act	μανθάνω	advcl	73
I	90	τὸ	DET	S-	Case=Acc|Definite=Def|Gender=Neut|Number=Sing|PronType=Dem	ὁ	det	91
I	91	βούλευμα	NOUN	Nb	Case=Acc|Gender=Neut|Number=Sing	βούλευμα	obj	89
I	92	τῶν	DET	S-	Case=Gen|Definite=Def|Gender=Masc|Number=Plur|PronType=Dem	ὁ	det	93
I	93	φυλάκων	NOUN	Nb	Case=Gen|Gender=Masc|Number=Plur	φυλακός	nmod	91
I	94	,	PUNCT	Z		,	dep	89
I	95	καὶ	CCONJ	C-		καί	cc	89
I	96	ἐπικρύψας	VERB	V-	Aspect=Perf|Case=Nom|Gender=Masc|Number=Sing|Tense=Past|VerbForm=Part|Voice=Act	ἐπικρύπω	advcl	100
I	97	τοὺς	PRON	Pp	Case=Acc|Gender=Masc|Number=Plur|Person=3|PronType=Prs	ὁ	obj	100
I	98	μὲν	ADV	Df		μέν	discourse	100
I	99	αὐτῶν	PRON	Pp	Case=Gen|Gender=Masc|Number=Plur|Person=3|PronType=Prs	αὐτός	nmod	97
I	100	ἐξώπλισε	VERB	V-	Aspect=Perf|Mood=Ind|Number=Sing|Person=3|Tense=Past|VerbForm=Fin|Voice=Act	ἐξοπλίζω	conj	89
I	101	καὶ	CCONJ	C-		καί	cc	100
I	102	ἀφῆκεν	VERB	V-	Aspect=Perf|Mood=Ind|Number=Sing|Person=3|Tense=Past|VerbForm=Fin|Voice=Act	ἀφίημι	conj	100
I	103	οἷα	ADV	Df		οἷος	advmod	104
I	104	κεκμηκότας	VERB	V-	Aspect=Perf|Case=Acc|Gender=Masc|Number=Plur|Tense=Past|VerbForm=Part|Voice=Act	κάμνω	advcl	102
I	105	,	PUNCT	Z		,	punct	73
I	106	τοὺς	DET	S-	Case=Acc|Definite=Def|Gender=Masc|Number=Plur|PronType=Dem	ὁ	det	109
I	107	δὲ	ADV	Df		δέ	discourse	109
I	108	πονηροτέρους	ADJ	A-	Case=Acc|Degree=Cmp|Gender=Masc|Number=Plur	πονηρός	nsubj	115
I	109	ἐκέλευσεν	VERB	V-	Aspect=Perf|Mood=Ind|Number=Sing|Person=3|Tense=Past|VerbForm=Fin|Voice=Act	κελεύω	ROOT	109
I	110	ἐς	ADP	R-		εἰς	case	111
I	111	Ῥώμην	PROPN	Ne	Case=Acc|Gender=Fem|Number=Sing	Ῥώμη	obl	115
I	112	ἐπί	ADP	R-		ἐπί	case	114
I	113	τινα	DET	Px	Case=Acc|Gender=Fem|Number=Sing	τίς	det	114
I	114	χρείαν	NOUN	Nb	Case=Acc|Gender=Fem|Number=Sing	χρεία	obl	115
I	115	ἐπείγεσθαι	VERB	V-	Tense=Pres|VerbForm=Inf|Voice=Mid	ἐπείγω	ccomp	109
I	116	,	PUNCT	Z		,	punct	109
I	117	χιλίαρχόν	NOUN	Nb	Case=Acc|Gender=Masc|Number=Sing	χιλίαρχος	obj	120
I	118	τε	CCONJ	C-		τε	cc	117
I	119	αὐτοῖς	PRON	Pp	Case=Dat|Gender=Masc|Number=Plur|Person=3|PronType=Prs	αὐτός	iobj	120
I	120	συνέπεμψεν	VERB	V-	Aspect=Perf|Mood=Ind|Number=Sing|Person=3|Tense=Past|VerbForm=Fin|Voice=Act	συμπέμπω	ROOT	120
I	121	,	PUNCT	Z		,	advcl	120
I	122	ᾧ	PRON	Pr	Case=Dat|Gender=Masc|Number=Sing|PronType=Rel	ὅς	iobj	123
I	123	εἴρητο	VERB	V-	Mood=Ind|Number=Sing|Person=3|Tense=Pqp|VerbForm=Fin|Voice=Pass	λέγω	acl	117
I	124	ἀφανῶς	ADV	Df	Degree=Pos	ἀφανής	advmod	126
I	125	αὐτοὺς	PRON	Pp	Case=Acc|Gender=Masc|Number=Plur|Person=3|PronType=Prs	αὐτός	obj	126
I	126	φυλάσσειν	VERB	V-	Tense=Pres|VerbForm=Inf|Voice=Act	φυλάσσω	xcomp	123
I	127	.	PUNCT	Z		.	punct	120
I	128	ἑκάτεροι	ADJ	A-	Case=Nom|Degree=Pos|Gender=Masc|Number=Plur	ἑκάτερος	nsubj	130
I	129	δʼ	ADV	Df		δέ	discourse	130
I	130	ὑπώπτευον	VERB	V-	Aspect=Imp|Mood=Ind|Number=Plur|Person=3|Tense=Past|VerbForm=Fin|Voice=Act	ὑποπτεύω	ROOT	130
I	131	μεμηνῦσθαι	VERB	V-	Tense=Pres|VerbForm=Inf|Voice=Pass	μηνύω	xcomp	130
I	132	,	PUNCT	Z		,	dep	130
I	133	καὶ	CCONJ	C-		καί	cc	130
I	134	περὶ	ADP	R-		περί	case	135
I	135	Ταρρακίνην	PROPN	Ne	Case=Acc|Gender=Fem|Number=Sing	Ταρρακίνης	obl	136
I	136	ἀφίστανταί	VERB	V-	Mood=Ind|Number=Plur|Person=3|Tense=Pres|VerbForm=Fin|Voice=Mid	ἀφίστανταί	conj	130
I	137	τε	CCONJ	C-		τε	iobj	136
I	138	τοῦ	DET	S-	Case=Gen|Definite=Def|Gender=Masc|Number=Sing|PronType=Dem	ὁ	det	139
I	139	χιλιάρχου	NOUN	Nb	Case=Gen|Gender=Masc|Number=Sing	χιλιάρχης	iobj	136
I	140	,	PUNCT	Z		,	punct	130
I	141	καὶ	CCONJ	C-		καί	ROOT	141
I	142	τοὺς	DET	S-	Case=Acc|Definite=Def|Gender=Masc|Number=Plur|PronType=Dem	ὁ	det	145
I	143	ἐπὶ	ADP	R-		ἐπί	case	145
I	144	τῶν	DET	S-	Case=Gen|Definite=Def|Gender=Neut|Number=Plur|PronType=Dem	ὁ	det	145
I	145	ἔργων	NOUN	Nb	Case=Gen|Gender=Neut|Number=Plur	ἔργον	obj	150
I	146	ἐν	ADP	R-		ἐν	case	148
I	147	τοῖς	DET	S-	Case=Dat|Definite=Def|Gender=Masc|Number=Plur|PronType=Dem	ὁ	det	148
I	148	ἀγροῖς	NOUN	Nb	Case=Dat|Gender=Neut|Number=Plur	ἀγρός	nmod	145
I	149	δεδεμένους	VERB	V-	Aspect=Perf|Case=Acc|Gender=Masc|Number=Plur|Tense=Past|VerbForm=Part|Voice=Pass	δέω	obj	150
I	150	ἐκλύσαντες	VERB	V-	Aspect=Perf|Case=Nom|Gender=Masc|Number=Plur|Tense=Past|VerbForm=Part|Voice=Act	ἐκλύσω	advcl	151
I	151	,	PUNCT	Z		,	advcl	157
I	152	καὶ	CCONJ	C-		καί	cc	151
I	153	ὁπλίσαντες	VERB	V-	Aspect=Perf|Case=Nom|Gender=Masc|Number=Plur|Tense=Past|VerbForm=Part|Voice=Act	ὁπλίζω	conj	151
I	154	ὡς	ADV	Dq	PronType=Rel	ὡς	advmod	155
I	155	ἐδύναντο	VERB	V-	Aspect=Imp|Mood=Ind|Number=Plur|Person=3|Tense=Past|VerbForm=Fin|Voice=Mid	δύναμαι	advcl	153
I	156	,	PUNCT	Z		,	advmod	157
I	157	ἤλαυνον	VERB	V-	Aspect=Imp|Mood=Ind|Number=Plur|Person=3|Tense=Past|VerbForm=Fin|Voice=Act	ἐλαύνω	ROOT	157
I	158	ἐς	ADP	R-		εἰς	case	159
I	159	Ῥώμην	PROPN	Ne	Case=Acc|Gender=Fem|Number=Sing	Ῥώμη	obl	157
I	160	ὁμοῦ	ADV	Df		ὁμοῦ	advmod	161
I	161	δισμύριοι	NUM	Ma	Case=Nom|Gender=Masc|Number=Plur	δισμύριοι	xcomp	162
I	162	γεγονότες	VERB	V-	Aspect=Perf|Case=Nom|Gender=Masc|Number=Plur|Tense=Past|VerbForm=Part|Voice=Act	γίγνομαι	advcl	157
I	163	.	PUNCT	Z		.	punct	157
I	164	ἔτι	ADV	Df		ἔτι	advmod	170
I	165	δʼ	ADV	Df		δέ	discourse	171
I	166	αὐτῶν	PRON	Pp	Case=Gen|Gender=Masc|Number=Plur|Person=3|PronType=Prs	αὐτός	nsubj	170
I	167	ὁδὸν	NOUN	Nb	Case=Acc|Gender=Fem|Number=Sing	ὁδός	obj	170
I	168	ἡμέρας	NOUN	Nb	Case=Gen|Gender=Fem|Number=Sing	ἡμέρα	nmod	167
I	169	μιᾶς	NUM	Ma	Case=Gen|Gender=Fem|Number=Sing	εἷς	nummod	168
I	170	ἀπεχόντων	VERB	V-	Case=Gen|Gender=Masc|Number=Plur|Tense=Pres|VerbForm=Part|Voice=Act	ἀπεχόντων	advcl	171
I	171	ὑπήντα	VERB	V-	Aspect=Imp|Mood=Ind|Number=Sing|Person=3|Tense=Past|VerbForm=Fin|Voice=Act	ὑπαντάω	ROOT	171
I	172	Κορουῖνος	PROPN	Ne	Case=Nom|Gender=Masc|Number=Sing	Κορουῖν	nsubj	171
I	173	,	PUNCT	Z		,	dep	171
I	174	καὶ	CCONJ	C-		καί	cc	181
I	175	παραστρατοπεδεύσας	VERB	V-	Aspect=Perf|Case=Nom|Gender=Masc|Number=Sing|Tense=Past|VerbForm=Part|Voice=Act	παραστρατοπεδεύω	advcl	181
I	176	ἐν	ADP	R-		ἐν	case	178
I	177	τοῖς	DET	S-	Case=Dat|Definite=Def|Gender=Masc|Number=Plur|PronType=Dem	ὁ	det	178
I	178	ὄρεσι	NOUN	Nb	Case=Dat|Gender=Neut|Number=Plur	ὄρος	obl	175
I	179	τοῖς	DET	S-	Case=Dat|Definite=Def|Gender=Masc|Number=Plur|PronType=Dem	ὁ	det	180
I	180	Ἀλβανῶν	ADJ	Ne	Case=Gen|Degree=Pos|Gender=Masc|Number=Plur	Ἀλβανός	nmod	178
I	181	ἠρεμεί	VERB	V-	Aspect=Imp|Mood=Ind|Number=Sing|Person=3|Tense=Past|VerbForm=Fin|Voice=Act	ἠρεμεί	ROOT	181
I	182	,	PUNCT	Z		,	advcl	181
I	183	περισκοπῶν	VERB	V-	Case=Nom|Gender=Masc|Number=Sing|Tense=Pres|VerbForm=Part|Voice=Act	περισκοπέω	ROOT	183
I	184	τε	CCONJ	C-		τε	cc	183
I	185	τὸ	DET	S-	Case=Acc|Definite=Def|Gender=Neut|Number=Sing|PronType=Dem	ὁ	det	186
I	186	ἔργον	NOUN	Nb	Case=Acc|Gender=Neut|Number=Sing	ἔργον	obj	183
I	187	ἔτι	ADV	Df		ἔτι	advmod	183
I	188	,	PUNCT	Z		,	ccomp	183
I	189	καὶ	CCONJ	C-		καί	cc	188
I	190	μέγα	ADJ	A-	Case=Acc|Degree=Pos|Gender=Neut|Number=Sing	μέγας	xcomp	191
I	191	ἡγούμενος	VERB	V-	Case=Nom|Gender=Masc|Number=Sing|Tense=Pres|VerbForm=Part|Voice=Mid	ἡγέομαι	conj	188
I	192	ἀπεγνωκόσι	VERB	V-	Aspect=Perf|Case=Dat|Gender=Masc|Number=Plur|Tense=Past|VerbForm=Part|Voice=Act	ἀπεγνωκόσι	advcl	191
I	193	μάχεσθαι	VERB	V-	Tense=Pres|VerbForm=Inf|Voice=Mid	μάχομαι	xcomp	192
I	194	.	PUNCT	Z		.	punct	183
I	195	οἱ	PRON	Pp	Case=Nom|Gender=Masc|Number=Plur|Person=3|PronType=Prs	ὁ	nsubj	197
I	196	δὲ	ADV	Df		δέ	discourse	197
I	197	ἐπεμίγνυντο	VERB	V-	Aspect=Imp|Mood=Ind|Number=Plur|Person=3|Tense=Past|VerbForm=Fin|Voice=Mid	πεμίγνυμαι	ROOT	197
I	198	ἀλλήλοις	PRON	Pc	Case=Dat|Gender=Masc|Number=Plur|PronType=Rcp	ἀλλήλων	iobj	197
I	199	κρύφα	ADV	Df		κρύφα	advmod	197
I	200	,	PUNCT	Z		,	punct	197
I	201	καὶ	CCONJ	C-		καί	cc	207
I	202	ὀδυρμοὶ	NOUN	Nb	Case=Nom|Gender=Masc|Number=Plur	ὀδυρμός	nsubj	207
I	203	καὶ	CCONJ	C-		καί	cc	202
I	204	δάκρυα	NOUN	Nb	Case=Nom|Gender=Neut|Number=Plur	δάκρυον	conj	202
I	205	τῶν	DET	S-	Case=Gen|Definite=Def|Gender=Masc|Number=Plur|PronType=Dem	ὁ	det	206
I	206	φυλάκων	NOUN	Nb	Case=Gen|Gender=Masc|Number=Plur	φυλακός	nmod	202
I	207	ἦν	AUX	V-	Aspect=Imp|Mood=Ind|Number=Sing|Person=3|Tense=Past|VerbForm=Fin|Voice=Act	εἰμί	ROOT	207
I	208	ὡς	ADV	Df		ὡς	advmod	210
I	209	ἐν	ADP	R-		ἐν	case	210
I	210	οἰκείοις	ADJ	A-	Case=Dat|Degree=Pos|Gender=Masc|Number=Plur	οἰκεῖος	advmod	215
I	211	καὶ	CCONJ	C-		καί	cc	210
I	212	φίλοις	NOUN	Nb	Case=Dat|Gender=Masc|Number=Plur	φίλος	conj	210
I	213	ἁμαρτεῖν	VERB	V-	Aspect=Perf|Tense=Past|VerbForm=Inf|Voice=Act	ἁμαρτάνω	xcomp	215
I	214	μὲν	ADV	Df		μέν	discourse	215
I	215	ὁμολογούντων	VERB	V-	Case=Gen|Gender=Masc|Number=Plur|Tense=Pres|VerbForm=Part|Voice=Act	ὁμολογέω	nmod	202
I	216	,	PUNCT	Z		,	punct	207
I	217	τὴν	DET	S-	Case=Acc|Definite=Def|Gender=Fem|Number=Sing|PronType=Dem	ὁ	det	219
I	218	δὲ	ADV	Df		δέ	discourse	223
I	219	αἰτίαν	NOUN	Nb	Case=Acc|Gender=Fem|Number=Sing	αἰτία	obj	223
I	220	ἐς	ADP	R-		εἰς	case	222
I	221	τὰ	DET	S-	Case=Acc|Definite=Def|Gender=Neut|Number=Plur|PronType=Dem	ὁ	det	222
I	222	χρέα	NOUN	Nb	Case=Acc|Gender=Neut|Number=Plur	χρέος	obl	223
I	223	φερόντων	VERB	V-	Case=Gen|Gender=Masc|Number=Plur|Tense=Pres|VerbForm=Part|Voice=Act	φέρω	ROOT	223
I	224	τὰ	DET	S-	Case=Acc|Definite=Def|Gender=Neut|Number=Plur|PronType=Dem	ὁ	det	226
I	225	ἐν	ADP	R-		ἐν	case	226
I	226	Ῥώμῃ	PROPN	Ne	Case=Dat|Gender=Fem|Number=Sing	Ῥώμη	nmod	219
I	227	.	PUNCT	Z		.	ROOT	227
I	228	ὧν	PRON	Pr	Case=Gen|Gender=Masc|Number=Plur|PronType=Rel	ὅς	ROOT	228
I	229	ὁ	DET	S-	Case=Nom|Definite=Def|Gender=Masc|Number=Sing|PronType=Dem	ὁ	det	230
I	230	Κορουῖνος	PROPN	Ne	Case=Nom|Gender=Masc|Number=Sing	Κορουῖνος	nsubj	240
I	231	αἰσθανόμενος	VERB	V-	Case=Nom|Gender=Masc|Number=Sing|Tense=Pres|VerbForm=Part|Voice=Mid	αἰσθάνομαι	advcl	240
I	232	,	PUNCT	Z		,	cc	231
I	233	καὶ	CCONJ	C-		καί	cc	231
I	234	ὀκνῶν	VERB	V-	Case=Nom|Gender=Masc|Number=Sing|Tense=Pres|VerbForm=Part|Voice=Act	ὀκνέω	conj	231
I	235	ἅψασθαι	VERB	V-	Aspect=Perf|Tense=Past|VerbForm=Inf|Voice=Mid	ἅπτω	xcomp	234
I	236	πολιτικοῦ	ADJ	A-	Case=Gen|Degree=Pos|Gender=Masc|Number=Sing	πολιτικός	amod	239
I	237	καὶ	CCONJ	C-		καί	cc	236
I	238	τοσούτου	DET	Pd	Case=Gen|Gender=Masc|Number=Sing	τοσοῦτος	det	239
I	239	φόνου	NOUN	Nb	Case=Gen|Gender=Masc|Number=Sing	φόνος	iobj	235
I	240	,	PUNCT	Z		,	ROOT	240
I	241	συνεβούλευσε	VERB	V-	Aspect=Perf|Mood=Ind|Number=Sing|Person=3|Tense=Past|VerbForm=Fin|Voice=Act	συμβουλεύω	ROOT	241
I	242	τῇ	DET	S-	Case=Dat|Definite=Def|Gender=Fem|Number=Sing|PronType=Dem	ὁ	det	243
I	243	βουλῇ	NOUN	Nb	Case=Dat|Gender=Fem|Number=Sing	βουλή	iobj	241
I	244	τὰ	DET	S-	Case=Acc|Definite=Def|Gender=Neut|Number=Plur|PronType=Dem	ὁ	det	245
I	245	χρέα	NOUN	Nb	Case=Acc|Gender=Neut|Number=Plur	χρέος	obj	248
I	246	τοῖς	DET	S-	Case=Dat|Definite=Def|Gender=Masc|Number=Plur|PronType=Dem	ὁ	det	247
I	247	ἀνδράσι	NOUN	Nb	Case=Dat|Gender=Masc|Number=Plur	ἀνήρ	iobj	248
I	248	μεθεῖναι	VERB	V-	Aspect=Perf|Tense=Past|VerbForm=Inf|Voice=Act	μεθεῖνος	ccomp	241
I	249	,	PUNCT	Z		,	dep	241
I	250	τόν	DET	S-	Case=Acc|Definite=Def|Gender=Masc|Number=Sing|PronType=Dem	ὁ	det	252
I	251	τε	CCONJ	C-		τε	cc	253
I	252	πόλεμον	NOUN	Nb	Case=Acc|Gender=Masc|Number=Sing	πόλεμος	obj	253
I	253	ἐξαίρων	VERB	V-	Case=Nom|Gender=Masc|Number=Sing|Tense=Pres|VerbForm=Part|Voice=Act	ἐξαίρω	advcl	241
I	254	ἐπὶ	ADP	R-		ἐπί	case	255
I	255	μέγα	ADJ	A-	Case=Acc|Degree=Pos|Gender=Neut|Number=Sing	μέγας	advmod	253
I	256	,	PUNCT	Z	Aspect=Imp|Mood=Ind|Number=Sing|Person=3|Tense=Past|VerbForm=Fin|Voice=Pass	,	dep	241
I	257	εἰ	SCONJ	G-		εἰ	mark	260
I	258	τοσῶνδε	DET	Pd	Case=Gen|Gender=Masc|Number=Plur	τοσόσδε	det	259
I	259	ἀνδρῶν	NOUN	Nb	Case=Gen|Gender=Masc|Number=Plur	ἀνήρ	iobj	261
I	260	δύναιτο	VERB	V-	Mood=Opt|Number=Sing|Person=3|Tense=Pres|VerbForm=Fin|Voice=Mid	δύναμαι	advcl	241
I	261	κρατῆσαι	VERB	V-	Aspect=Perf|Tense=Past|VerbForm=Inf|Voice=Act	κρατέω	xcomp	260
I	262	μαχομένων	VERB	V-	Case=Gen|Gender=Masc|Number=Plur|Tense=Pres|VerbForm=Part|Voice=Mid	μάχομαι	advcl	260
I	263	ἐξ	ADP	R-		ἐκ	case	264
I	264	ἀπογνώσεως	NOUN	Nb	Case=Gen|Gender=Fem|Number=Sing	ἀπογνώσις	obl	262
I	265	,	PUNCT	Z		,	punct	241
I	266	καὶ	CCONJ	C-		καί	ROOT	266
I	267	τὰς	DET	S-	Case=Acc|Definite=Def|Gender=Fem|Number=Plur|PronType=Dem	ὁ	det	268
I	268	συνόδους	NOUN	Nb	Case=Acc|Gender=Fem|Number=Plur	σύνοδος	obj	274
I	269	αὐτῶν	PRON	Pp	Case=Gen|Gender=Masc|Number=Plur|Person=3|PronType=Prs	αὐτός	det	268
I	270	καὶ	CCONJ	C-		καί	cc	268
I	271	ἐπιμιξίας	NOUN	Nb	Case=Acc|Gender=Fem|Number=Plur	ἐπιμειξία	conj	268
I	272	ἐν	ADP	R-		ἐν	case	273
I	273	ὑπονοίᾳ	NOUN	Nb	Case=Dat|Gender=Fem|Number=Sing	ὑπόνοια	xcomp	274
I	274	τιθέμενος	VERB	V-	Case=Nom|Gender=Masc|Number=Sing|Tense=Pres|VerbForm=Part|Voice=Mid	τίθημι	ROOT	274
I	275	,	PUNCT	Z	Aspect=Imp|Mood=Ind|Number=Sing|Person=3|Tense=Past|VerbForm=Fin|Voice=Pass	,	dep	274
I	276	μὴ	SCONJ	G-		μή	mark	285
I	277	οὐδʼ	ADV	Df	Polarity=Neg	οὐδέ	advmod	280
I	278	ὁ	DET	S-	Case=Nom|Definite=Def|Gender=Masc|Number=Sing|PronType=Dem	ὁ	det	280
I	279	ἴδιος	ADJ	A-	Case=Nom|Degree=Pos|Gender=Masc|Number=Sing	ἴδιος	amod	280
I	280	αὐτῷ	PRON	Pp	Case=Dat|Gender=Masc|Number=Sing|Person=3|PronType=Prs	αὐτός	det	281
I	281	στρατὸς	NOUN	Nb	Case=Nom|Gender=Masc|Number=Sing	στρατός	nsubj	285
I	282	ἐς	ADP	R-		εἰς	case	283
I	283	πάντα	ADJ	Px	Case=Acc|Gender=Neut|Number=Plur	πᾶς	obl	285
I	284	ᾖ	AUX	V-	Mood=Sub|Number=Sing|Person=3|Tense=Pres|VerbForm=Fin|Voice=Act	εἰμί	cop	285
I	285	πιστός	ADJ	A-	Case=Nom|Degree=Pos|Gender=Masc|Number=Sing	πιστός	ccomp	275
I	286	,	PUNCT	Z	Aspect=Imp|Mood=Ind|Number=Sing|Person=3|Tense=Past|VerbForm=Fin|Voice=Pass	,	acl	268
I	287	ἅτε	ADV	Df		ἅτε	advmod	288
I	288	συγγενεῖς	ADJ	A-	Case=Nom|Degree=Pos|Gender=Masc|Number=Plur	συγγενής	advcl	286
I	289	ὄντες	AUX	V-	Case=Nom|Gender=Masc|Number=Plur|Tense=Pres|VerbForm=Part|Voice=Act	εἰμί	cop	288
I	290	ἐκείνων	ADJ	Pd	Case=Gen|Gender=Masc|Number=Plur	ἐκεῖνος	iobj	288
I	291	,	PUNCT	Z		,	cop	288
I	292	καὶ	CCONJ	C-		καί	cc	291
I	293	οὐχ	ADV	Df	Polarity=Neg	οὐ	advmod	294
I	294	ἧσσον	ADJ	A-	Case=Acc|Degree=Cmp|Gender=Neut|Number=Sing	ἥσσων	advmod	296
I	295	αὐτῶν	PRON	Pp	Case=Gen|Gender=Masc|Number=Plur|Person=3|PronType=Prs	αὐτός	nmod	294
I	296	αἰτιώμενοι	VERB	V-	Case=Nom|Gender=Masc|Number=Plur|Tense=Pres|VerbForm=Part|Voice=Mid	αἰτιάομαι	conj	291
I	297	τὰ	DET	S-	Case=Acc|Definite=Def|Gender=Neut|Number=Plur|PronType=Dem	ὁ	det	298
I	298	χρέα	NOUN	Nb	Case=Acc|Gender=Neut|Number=Plur	χρέος	obj	296
I	299	.	PUNCT	Z		.	punct	274
I	300	σφαλέντα	VERB	V-	Aspect=Perf|Case=Acc|Gender=Neut|Number=Plur|Tense=Past|VerbForm=Part|Voice=Pass	σφάλλω	advcl	303
I	301	δὲ	ADV	Df		δέ	discourse	303
I	302	κινδυνεύσειν	VERB	V-	Tense=Fut|VerbForm=Inf|Voice=Act	κινδυνεύω	xcomp	303
I	303	ἔφη	VERB	V-	Aspect=Imp|Mood=Ind|Number=Sing|Person=3|Tense=Past|VerbForm=Fin|Voice=Act	φημί	ROOT	303
I	304	περὶ	ADP	R-		περί	case	305
I	305	μειζόνων	ADJ	A-	Case=Gen|Degree=Cmp|Gender=Neut|Number=Plur	μέγας	dep	303
I	306	·	PUNCT	Z		·	punct	303
I	307	καὶ	CCONJ	C-		καί	cc	310
I	308	τὴν	DET	S-	Case=Acc|Definite=Def|Gender=Fem|Number=Sing|PronType=Dem	ὁ	det	309
I	309	νίκην	NOUN	Nb	Case=Acc|Gender=Fem|Number=Sing	νίκη	nsubj	310
I	310	,	PUNCT	Z		,	ROOT	310
I	311	εἰ	SCONJ	G-		εἰ	mark	312
I	312	κρατήσειεν	VERB	V-	Aspect=Perf|Mood=Opt|Number=Sing|Person=3|Tense=Past|VerbForm=Fin|Voice=Act	κρατέω	advcl	313
I	313	,	PUNCT	Z		,	ROOT	313
I	314	ἀτυχεστάτην	ADJ	A-	Case=Acc|Degree=Sup|Gender=Fem|Number=Sing	ἀτυχεστάτης	ccomp	313
I	315	ἔσεσθαι	AUX	V-	Tense=Fut|VerbForm=Inf|Voice=Mid	εἰμί	cop	314
I	316	τῇ	DET	S-	Case=Dat|Definite=Def|Gender=Fem|Number=Sing|PronType=Dem	ὁ	det	317
I	317	πόλει	NOUN	Nb	Case=Dat|Gender=Fem|Number=Sing	πόλις	obl	314
I	318	κατʼ	ADP	R-		κατά	case	319
I	319	οἰκείων	ADJ	A-	Case=Gen|Degree=Pos|Gender=Masc|Number=Plur	οἰκεῖος	advmod	314
I	320	τοσῶνδε	NUM	Pd	Case=Gen|Number=Plur	τοσόσδε	det	319
I	321	.	PUNCT	Z		.	punct	313
I	322	οἷς	PRON	Pr	Case=Dat|Gender=Masc|Number=Plur|PronType=Rel	ὅς	obl	331
I	323	ἡ	DET	S-	Case=Nom|Definite=Def|Gender=Fem|Number=Sing|PronType=Dem	ὁ	det	324
I	324	βουλὴ	NOUN	V-	Case=Nom|Gender=Fem|Number=Sing	βουλή	nsubj	331
I	325	πεισθεῖσα	VERB	V-	Aspect=Perf|Case=Nom|Gender=Fem|Number=Sing|Tense=Past|VerbForm=Part|Voice=Pass	πείθω	advcl	331
I	326	τὰς	DET	S-	Case=Acc|Definite=Def|Gender=Fem|Number=Plur|PronType=Dem	ὁ	det	330
I	327	μὲν	ADV	Df		μέν	discourse	331
I	328	τῶν	DET	S-	Case=Gen|Definite=Def|Number=Plur|PronType=Dem	ὁ	det	329
I	329	χρεῶν	NOUN	Nb	Case=Gen|Gender=Neut|Number=Plur	χρέος	nmod	330
I	330	ἀποκοπὰς	NOUN	Nb	Case=Acc|Gender=Fem|Number=Plur	ἀποκοπή	obj	331
I	331	ἐψηφίσατο	VERB	V-	Aspect=Perf|Mood=Ind|Number=Sing|Person=3|Tense=Past|VerbForm=Fin|Voice=Mid	ψηφίζω	ROOT	331
I	332	πᾶσι	DET	Px	Case=Dat|Gender=Masc|Number=Plur	πᾶς	det	333
I	333	Ῥωμαίοις	ADJ	A-	Case=Dat|Degree=Pos|Gender=Masc|Number=Plur	Ῥωμαῖος	iobj	331
I	334	,	PUNCT	Z		,	punct	331
I	335	τοῖς	DET	S-	Case=Dat|Definite=Def|Gender=Masc|Number=Plur|PronType=Dem	ὁ	det	338
I	336	δὲ	ADV	Df		δέ	discourse	338
I	337	τότε	ADV	Df		τότε	advmod	338
I	338	ἐχθροῖς	ADJ	A-	Case=Dat|Degree=Pos|Gender=Masc|Number=Plur	ἐχθρός	ROOT	338
I	339	καὶ	CCONJ	C-		καί	cc	338
I	340	ἄδειαν	NOUN	Nb	Case=Acc|Gender=Fem|Number=Sing	ἄδεια	conj	338
I	341	.	PUNCT	Z		.	punct	338
I	342	οἱ	PRON	Pp	Case=Nom|Gender=Masc|Number=Plur|Person=3|PronType=Prs	ὁ	nsubj	348
I	343	μὲν	ADV	Df		μέν	discourse	348
I	344	δὴ	ADV	Df		δή	discourse	348
I	345	τὰ	DET	S-	Case=Acc|Definite=Def|Gender=Neut|Number=Plur|PronType=Dem	ὁ	det	346
I	346	ὅπλα	NOUN	Nb	Case=Acc|Gender=Neut|Number=Plur	ὅπλον	obj	347
I	347	ἀποθέμενοι	VERB	V-	Aspect=Perf|Case=Nom|Gender=Masc|Number=Plur|Tense=Past|VerbForm=Part|Voice=Mid	ἀποτίθημι	advcl	348
I	348	κατῄεσαν	VERB	V-	Aspect=Perf|Mood=Ind|Number=Plur|Person=3|Tense=Past|VerbForm=Fin|Voice=Act	κάτειμι	ROOT	348
I	349	ἐς	ADP	R-		εἰς	case	351
I	350	τὴν	DET	S-	Case=Acc|Definite=Def|Gender=Fem|Number=Sing|PronType=Dem	ὁ	det	351
I	351	πόλιν	NOUN	Nb	Case=Acc|Gender=Fem|Number=Sing	πόλις	obl	348
I	352	.	PUNCT	Z		.	punct	348
I	353	Val.	PUNCT	Z		Val.	ROOT	353
I	354	p.	PUNCT	Z		p.	ROOT	354
I	355	549.	PUNCT	Df		549.	ROOT	355
II	0	ὅτι	SCONJ	G-		ὅτι	advmod	5
II	1	Μάλλιος	PROPN	Ne	Case=Nom|Gender=Masc|Number=Sing	Μάλλιος	nsubj	5
II	2	Τορκουάτος	PROPN	Ne	Case=Nom|Gender=Masc|Number=Sing	Τορκουάτος	flat:name	1
II	3	ὁ	DET	S-	Case=Nom|Definite=Def|Gender=Masc|Number=Sing|PronType=Dem	ὁ	det	4
II	4	ὕπατος	NOUN	Nb	Case=Nom|Gender=Masc|Number=Sing	ὕπατος	appos	2
II	5	τοιοῦτος	ADJ	Pd	Case=Nom|Gender=Masc|Number=Sing	τοιοῦτος	ROOT	5
II	6	ἦν	AUX	V-	Aspect=Imp|Mood=Ind|Number=Sing|Person=3|Tense=Past|VerbForm=Fin|Voice=Act	εἰμί	cop	5
II	7	τὴν	DET	S-	Case=Acc|Definite=Def|Gender=Fem|Number=Sing|PronType=Dem	ὁ	det	8
II	8	ἀρετήν	NOUN	Nb	Case=Acc|Gender=Fem|Number=Sing	ἀρετή	obl	5
II	9	.	PUNCT	Z		.	punct	5
II	10	τούτῳ	ADJ	Pd	Case=Dat|Gender=Masc|Number=Sing	οὗτος	iobj	12
II	11	πατὴρ	NOUN	Nb	Case=Nom|Gender=Masc|Number=Sing	πατήρ	nsubj	12
II	12	ἐγεγένητο	VERB	V-	Mood=Ind|Number=Sing|Person=3|Tense=Pqp|VerbForm=Fin|Voice=Pass	γίγνομαι	ROOT	12
II	13	μικρολόγος	ADJ	A-	Case=Nom|Degree=Pos|Gender=Masc|Number=Sing	μικρολόγος	dep	12
II	14	καὶ	CCONJ	C-		καί	cc	13
II	15	ἀμελὴς	ADJ	A-	Case=Nom|Degree=Pos|Gender=Masc|Number=Sing	ἀμελής	conj	13
II	16	ἐς	ADP	R-		εἰς	case	17
II	17	αὐτόν	PRON	Pp	Case=Acc|Gender=Masc|Number=Sing|Person=3|PronType=Prs	αὐτός	obl	12
II	18	.	PUNCT	Z		.	punct	12
II	19	καὶ	CCONJ	C-		καί	cc	23
II	20	ἐν	ADP	R-		ἐν	case	21
II	21	ἀγροῖς	NOUN	Nb	Case=Dat|Gender=Neut|Number=Plur	ἀγρός	obl	23
II	22	αὐτὸν	PRON	Pp	Case=Acc|Gender=Masc|Number=Sing|Person=3|PronType=Prs	αὐτός	obj	23
II	23	εἶχε	VERB	V-	Aspect=Imp|Mood=Ind|Number=Sing|Person=3|Tense=Past|VerbForm=Fin|Voice=Act	ἔχω	ROOT	23
II	24	,	PUNCT	Z		,	punct	23
II	25	μετὰ	ADP	R-		μετά	case	27
II	26	τῶν	DET	S-	Case=Gen|Definite=Def|Gender=Masc|Number=Plur|PronType=Dem	ὁ	det	27
II	27	θεραπόντων	NOUN	Nb	Case=Gen|Gender=Masc|Number=Plur	θεράπων	obl	28
II	28	ἐργαζόμενόν	VERB	V-	Case=Acc|Gender=Masc|Number=Sing|Tense=Pres|VerbForm=Part|Voice=Mid	ἐργαζόμενός	ROOT	28
II	29	τε	CCONJ	C-		τε	cc	28
II	30	καὶ	CCONJ	C-		καί	cc	28
II	31	τρεφόμενον	VERB	V-	Case=Acc|Gender=Masc|Number=Sing|Tense=Pres|VerbForm=Part|Voice=Pass	τρέφω	conj	28
II	32	.	PUNCT	Z		.	punct	28
II	33	γραψαμένου	VERB	V-	Aspect=Perf|Case=Gen|Gender=Masc|Number=Sing|Tense=Past|VerbForm=Part|Voice=Mid	γράφω	advcl	41
II	34	δὲ	ADV	Df		δέ	discourse	33
II	35	αὐτὸν	PRON	Pp	Case=Acc|Gender=Masc|Number=Sing|Person=3|PronType=Prs	αὐτός	obj	34
II	36	ἐπὶ	ADP	R-		ἐπί	case	38
II	37	πολλοῖς	ADJ	A-	Case=Dat|Degree=Pos|Gender=Neut|Number=Plur	πολύς	amod	38
II	38	ἀδικήμασι	NOUN	Nb	Case=Dat|Gender=Neut|Number=Plur	ἀδίκημα	obl	33
II	39	Πομπωνίου	PROPN	Ne	Case=Gen|Gender=Masc|Number=Sing	Πομπώνιος	nmod	38
II	40	δημάρχου	PROPN	Ne	Case=Gen|Gender=Masc|Number=Sing	δημάρχω	nmod	38
II	41	,	PUNCT	Z		,	ROOT	41
II	42	καὶ	CCONJ	C-		καί	cc	41
II	43	μέλλοντος	VERB	V-	Case=Gen|Gender=Masc|Number=Sing|Tense=Pres|VerbForm=Part|Voice=Act	μέλλω	advcl	42
II	44	ἐρεῖν	VERB	V-	Tense=Fut|VerbForm=Inf|Voice=Act	λέγω	xcomp	43
II	45	τι	ADJ	Px	Case=Acc|Gender=Neut|Number=Sing	τίς	obj	44
II	46	καὶ	ADV	Df		καί	advmod	44
II	47	περὶ	ADP	R-		περί	case	52
II	48	τῆς	DET	S-	Case=Gen|Definite=Def|Gender=Fem|Number=Sing|PronType=Dem	ὁ	det	52
II	49	ἐς	ADP	R-		εἰς	case	51
II	50	τὸν	DET	S-	Case=Acc|Definite=Def|Gender=Masc|Number=Sing|PronType=Dem	ὁ	det	51
II	51	παῖδα	NOUN	Nb	Case=Acc|Gender=Masc|Number=Sing	παῖς	nmod	52
II	52	κακώσεως	NOUN	Nb	Case=Gen|Gender=Fem|Number=Sing	κάκωσις	obl	44
II	53	,	PUNCT	Z		,	advmod	58
II	54	ὁ	DET	S-	Case=Nom|Definite=Def|Gender=Masc|Number=Sing|PronType=Dem	ὁ	det	55
II	55	παῖς	NOUN	Nb	Case=Nom|Gender=Masc|Number=Sing	παῖς	nsubj	58
II	56	ὅδε	DET	Pd	Case=Nom|Gender=Masc|Number=Sing	ὅδε	det	55
II	57	Μάλλιος	PROPN	Ne	Case=Nom|Gender=Masc|Number=Sing	Μάλλιος	appos	55
II	58	ἧκεν	VERB	V-	Aspect=Perf|Mood=Ind|Number=Sing|Person=3|Tense=Past|VerbForm=Fin|Voice=Act	ἵημι	conj	41
II	59	,	PUNCT	Z		,	ROOT	59
II	60	ἐπικρύπτων	VERB	V-	Case=Nom|Gender=Masc|Number=Sing|Tense=Pres|VerbForm=Part|Voice=Act	ἐπικρύπτων	ROOT	60
II	61	ξιφίδιον	NOUN	Nb	Case=Acc|Gender=Neut|Number=Sing	ξιφίδιον	obj	60
II	62	,	PUNCT	Z		,	obl	60
II	63	ἐς	ADP	R-		εἰς	case	65
II	64	τὴν	DET	S-	Case=Acc|Definite=Def|Gender=Fem|Number=Sing|PronType=Dem	ὁ	det	65
II	65	οἰκίαν	NOUN	Nb	Case=Acc|Gender=Fem|Number=Sing	οἰκία	obl	62
II	66	τοῦ	DET	S-	Case=Gen|Definite=Def|Gender=Masc|Number=Sing|PronType=Dem	ὁ	det	67
II	67	δημάρχου	PROPN	Ne	Case=Gen|Gender=Masc|Number=Sing	δημάρχης	nmod	65
II	68	,	PUNCT	Z		,	appos	62
II	69	καὶ	CCONJ	C-		καί	cc	60
II	70	τυχεῖν	VERB	V-	Aspect=Perf|Tense=Past|VerbForm=Inf|Voice=Act	τυγχάνω	xcomp	71
II	71	ἠξίωσεν	VERB	V-	Aspect=Perf|Mood=Ind|Number=Sing|Person=3|Tense=Past|VerbForm=Fin|Voice=Act	ἀξιόω	conj	60
II	72	αὐτοῦ	PRON	Pp	Case=Gen|Gender=Masc|Number=Sing|Person=3|PronType=Prs	αὐτός	dep	71
II	73	μόνου	ADJ	A-	Case=Gen|Degree=Pos|Gender=Masc|Number=Sing	μόνος	appos	72
II	74	ὡς	ADV	Df		ὡς	advmod	77
II	75	δή	ADV	Df		δή	discourse	77
II	76	τι	DET	Px	Case=Acc|Gender=Neut|Number=Sing	τίς	det	78
II	77	λέξων	VERB	V-	Case=Nom|Gender=Masc|Number=Sing|Tense=Fut|VerbForm=Part|Voice=Act	λέγω	advcl	71
II	78	χρήσιμον	ADJ	A-	Case=Acc|Degree=Pos|Gender=Neut|Number=Sing	χρήσιμος	obj	77
II	79	ἐς	ADP	R-		εἰς	case	81
II	80	τὴν	DET	S-	Case=Acc|Definite=Def|Gender=Fem|Number=Sing|PronType=Dem	ὁ	det	81
II	81	δίκην	NOUN	Nb	Case=Acc|Gender=Fem|Number=Sing	δίκη	obl	77
II	82	.	PUNCT	Z		.	ROOT	82
II	83	ὑποδεχθεὶς	VERB	V-	Aspect=Perf|Case=Nom|Gender=Masc|Number=Sing|Tense=Past|VerbForm=Part|Voice=Pass	ὑποδεχθεὶς	advcl	88
II	84	δὲ	ADV	Df		δέ	discourse	88
II	85	καὶ	CCONJ	C-		καί	cc	83
II	86	λέγειν	VERB	V-	Tense=Pres|VerbForm=Inf|Voice=Act	λέγω	xcomp	87
II	87	ἀρχόμενος	VERB	V-	Case=Nom|Gender=Masc|Number=Sing|Tense=Pres|VerbForm=Part|Voice=Mid	ἄρχω	conj	83
II	88	ἐπέκλεισε	VERB	V-	Aspect=Perf|Mood=Ind|Number=Sing|Person=3|Tense=Past|VerbForm=Fin|Voice=Act	ἐπέκλεισε	ROOT	88
II	89	τὰς	DET	S-	Case=Acc|Definite=Def|Gender=Fem|Number=Plur|PronType=Dem	ὁ	det	90
II	90	θύρας	NOUN	Nb	Case=Acc|Gender=Fem|Number=Plur	θύρα	obj	88
II	91	,	PUNCT	Z		,	parataxis	88
II	92	καὶ	CCONJ	C-		καί	cc	88
II	93	τὸ	DET	S-	Case=Acc|Definite=Def|Gender=Neut|Number=Sing|PronType=Dem	ὁ	det	94
II	94	ξίφος	NOUN	Nb	Case=Acc|Gender=Neut|Number=Sing	ξίφος	obj	95
II	95	ἐπισπάσας	VERB	V-	Aspect=Perf|Case=Nom|Gender=Masc|Number=Sing|Tense=Past|VerbForm=Part|Voice=Act	ἐπισπάω	advcl	96
II	96	ἠπείλει	VERB	V-	Aspect=Imp|Mood=Ind|Number=Sing|Person=3|Tense=Past|VerbForm=Fin|Voice=Act	ἀπειλέω	conj	88
II	97	τῷ	DET	S-	Case=Dat|Definite=Def|Gender=Masc|Number=Sing|PronType=Dem	ὁ	det	98
II	98	δημάρχῳ	PROPN	Ne	Case=Dat|Gender=Masc|Number=Sing	δημάρχῳ	iobj	96
II	99	κτενεῖν	VERB	V-	Tense=Fut|VerbForm=Inf|Voice=Act	κτείνω	xcomp	96
II	100	αὐτόν	PRON	Pp	Case=Acc|Gender=Masc|Number=Sing|Person=3|PronType=Prs	αὐτός	obj	99
II	101	,	PUNCT	Z		,	punct	88
II	102	εἰ	SCONJ	G-		εἰ	mark	104
II	103	μὴ	ADV	Df	Polarity=Neg	μή	advmod	104
II	104	ὀμόσειεν	VERB	V-	Aspect=Perf|Mood=Opt|Number=Sing|Person=3|Tense=Past|VerbForm=Fin|Voice=Act	ὀμόω	ROOT	104
II	105	ὅτι	SCONJ	G-		ὅτι	mark	106
II	106	λύσει	VERB	V-	Mood=Ind|Number=Sing|Person=3|Tense=Fut|VerbForm=Fin|Voice=Act	λύω	ccomp	104
II	107	τῷ	DET	S-	Case=Dat|Definite=Def|Gender=Masc|Number=Sing|PronType=Dem	ὁ	det	108
II	108	πατρὶ	NOUN	Nb	Case=Dat|Gender=Masc|Number=Sing	πατήρ	iobj	106
II	109	τὴν	DET	S-	Case=Acc|Definite=Def|Gender=Fem|Number=Sing|PronType=Dem	ὁ	det	110
II	110	δίκην	NOUN	Nb	Case=Acc|Gender=Fem|Number=Sing	δίκη	obj	106
II	111	.	PUNCT	Z		.	punct	104
II	112	καὶ	CCONJ	C-		καί	cc	115
II	113	ὁ	PRON	Pp	Case=Nom|Gender=Masc|Number=Sing|Person=3|PronType=Prs	ὁ	nsubj	115
II	114	μὲν	ADV	Df		μέν	discourse	115
II	115	ὤμοσε	VERB	V-	Aspect=Perf|Mood=Ind|Number=Sing|Person=3|Tense=Past|VerbForm=Fin|Voice=Mid	ὄμνυμι	ROOT	115
II	116	καὶ	CCONJ	C-		καί	cc	115
II	117	διέλυσεν	VERB	V-	Aspect=Perf|Mood=Ind|Number=Sing|Person=3|Tense=Past|VerbForm=Fin|Voice=Act	διαλύω	conj	115
II	118	,	PUNCT	Z		,	punct	115
II	119	ἐκθέμενος	VERB	V-	Aspect=Perf|Case=Nom|Gender=Masc|Number=Sing|Tense=Past|VerbForm=Part|Voice=Mid	ἐκτίθημι	ROOT	119
II	120	τῷ	DET	S-	Case=Dat|Definite=Def|Gender=Masc|Number=Sing|PronType=Dem	ὁ	det	121
II	121	δήμῳ	NOUN	Nb	Case=Dat|Gender=Masc|Number=Sing	δῆμος	iobj	119
II	122	τὸ	DET	S-	Case=Acc|Definite=Def|Gender=Neut|Number=Sing|PronType=Dem	ὁ	det	123
II	123	συμβάν	VERB	V-	Aspect=Perf|Case=Acc|Gender=Neut|Number=Sing|Tense=Past|VerbForm=Part|Voice=Act	συμβαίνω	obj	119
II	124	·	PUNCT	Z		·	ROOT	124
II	125	ὁ	DET	S-	Case=Nom|Definite=Def|Gender=Masc|Number=Sing|PronType=Dem	ὁ	det	127
II	126	δὲ	ADV	Df		δέ	discourse	130
II	127	Μάλλιος	PROPN	Ne	Case=Nom|Gender=Masc|Number=Sing	Μάλλιος	nsubj	130
II	128	ἐξ	ADP	R-		ἐκ	case	129
II	129	ἐκείνου	ADJ	Pd	Case=Gen|Gender=Masc|Number=Sing	ἐκεῖνος	obl	130
II	130	λαμπρὸς	ADJ	A-	Case=Nom|Degree=Pos|Gender=Masc|Number=Sing	λαμπρός	ROOT	130
II	131	ἦν	AUX	V-	Aspect=Imp|Mood=Ind|Number=Sing|Person=3|Tense=Past|VerbForm=Fin|Voice=Act	εἰμί	cop	130
II	132	,	PUNCT	Z		,	punct	130
II	133	ἐπαινούμενος	VERB	V-	Case=Nom|Gender=Masc|Number=Sing|Tense=Pres|VerbForm=Part|Voice=Pass	ἐπαινέω	ROOT	133
II	134	ὅτι	SCONJ	G-		ὅτι	mark	139
II	135	τοιόσδε	ADJ	Pd	Case=Nom|Gender=Masc|Number=Sing	τοιόσδε	nsubj:pass	139
II	136	ἐς	ADP	R-		εἰς	case	138
II	137	τοιόνδε	DET	Pd	Case=Acc|Gender=Masc|Number=Sing	τοιόσδε	det	138
II	138	πατέρα	NOUN	Nb	Case=Acc|Gender=Masc|Number=Sing	πατήρ	obl	139
II	139	ἐγεγένητο	VERB	V-	Mood=Ind|Number=Sing|Person=3|Tense=Pqp|VerbForm=Fin|Voice=Pass	γίγνομαι	advcl	133
II	140	.	PUNCT	Z		.	ROOT	140
II	141	id.	PUNCT	Z		id.	ROOT	141
II	142	p.	PUNCT	Z		p.	ROOT	142
II	143	550.	PUNCT	Z		550.	ROOT	143
III	0	ὁ	PRON	Pp	Case=Nom|Gender=Masc|Number=Sing|Person=3|PronType=Prs	ὁ	nsubj	5
III	1	δὲ	ADV	Df		δέ	discourse	5
III	2	αὐτὸν	PRON	Pp	Case=Acc|Gender=Masc|Number=Sing|Person=3|PronType=Prs	αὐτός	obj	5
III	3	εἰς	ADP	R-		εἰς	case	4
III	4	μονομαχίαν	NOUN	Nb	Case=Acc|Gender=Fem|Number=Sing	μονομαχία	obl	5
III	5	προυκαλεῖτο	VERB	V-	Aspect=Imp|Mood=Ind|Number=Sing|Person=3|Tense=Past|VerbForm=Fin|Voice=Mid	προκαλέω	ROOT	5
III	6	,	PUNCT	Z		,	punct	5
III	7	σκώπτων	VERB	V-	Case=Nom|Gender=Masc|Number=Sing|Tense=Pres|VerbForm=Part|Voice=Act	σκώπτω	ROOT	7
III	8	ἐς	ADP	R-		εἰς	case	9
III	9	αὐτόν	PRON	Pp	Case=Acc|Gender=Masc|Number=Sing|Person=3|PronType=Prs	αὐτός	obl	7
III	10	.	PUNCT	Z		.	ROOT	10
III	11	ὁ	PRON	Pp	Case=Nom|Gender=Masc|Number=Sing|Person=3|PronType=Prs	ὁ	nsubj	16
III	12	δὲ	ADV	Df		δέ	discourse	16
III	13	τέως	ADV	Df		τέως	advmod	16
III	14	μὲν	ADV	Df		μέν	discourse	16
III	15	αὑτοῦ	PRON	Pp	Case=Gen|Gender=Masc|Number=Sing|Person=3|PronType=Prs	ἑαυτοῦ	iobj	16
III	16	κατεῖχε	VERB	V-	Aspect=Imp|Mood=Ind|Number=Sing|Person=3|Tense=Past|VerbForm=Fin|Voice=Act	κατέχω	ROOT	16
III	17	,	PUNCT	Z		,	punct	16
III	18	μετὰ	ADV	Df		μετά	advmod	26
III	19	δέ	ADV	Df		δέ	discourse	26
III	20	,	PUNCT	Z		,	dep	26
III	21	οὐ	ADV	Df	Polarity=Neg	οὐ	advmod	22
III	22	φέρων	VERB	V-	Case=Nom|Gender=Masc|Number=Sing|Tense=Pres|VerbForm=Part|Voice=Act	φέρω	advcl	20
III	23	ἔτι	ADV	Df		ἔτι	advmod	22
III	24	τὸ	DET	S-	Case=Acc|Definite=Def|Gender=Neut|Number=Sing|PronType=Dem	ὁ	det	25
III	25	ἐρέθισμα	NOUN	Nb	Case=Acc|Gender=Neut|Number=Sing	ἐρέθισμα	obj	22
III	26	,	PUNCT	Z		,	ROOT	26
III	27	ἀντήλασε	VERB	V-	Aspect=Perf|Mood=Ind|Number=Sing|Person=3|Tense=Past|VerbForm=Fin|Voice=Act	ἀντελαύνω	ROOT	27
III	28	τὸν	DET	S-	Case=Acc|Definite=Def|Gender=Masc|Number=Sing|PronType=Dem	ὁ	det	29
III	29	ἵππον	NOUN	Nb	Case=Acc|Gender=Masc|Number=Sing	ἵππος	obj	27
III	30	.	PUNCT	Z		.	punct	27
III	31	Suid.	PUNCT	Z		Suid.	ROOT	31
III	32	v.	PUNCT	Z		v.	ROOT	32
III	33	ἐρέθισμα	NOUN	Nb	Case=Nom|Gender=Neut|Number=Sing	ἐρέθισμα	ROOT	33
III	34	.	PUNCT	Z		.	punct	33
IV	0	ὅτι	SCONJ	G-		ὅτι	mark	6
IV	1	Σαυνῖται	NOUN	Nb	Case=Nom|Gender=Masc|Number=Plur	Σαυνῖται	nsubj	6
IV	2	ἐς	ADP	R-		εἰς	case	4
IV	3	τὴν	DET	S-	Case=Acc|Definite=Def|Gender=Fem|Number=Sing|PronType=Dem	ὁ	det	4
IV	4	Φρεγελλανῶν	PROPN	Ne	Case=Gen|Gender=Fem|Number=Plur	Φρεγελλανός	obl	5
IV	5	ἐμβαλόντες	VERB	V-	Aspect=Perf|Case=Nom|Gender=Masc|Number=Plur|Tense=Past|VerbForm=Part|Voice=Act	ἐμβάλλω	advcl	6
IV	6	ἐπόρθουν	VERB	V-	Aspect=Imp|Mood=Ind|Number=Plur|Person=3|Tense=Past|VerbForm=Fin|Voice=Act	πορθέω	ROOT	6
IV	7	,	PUNCT	Z		,	punct	6
IV	8	Ῥωμαῖοι	ADJ	A-	Case=Nom|Degree=Pos|Gender=Masc|Number=Plur	Ῥωμαῖος	nsubj	17
IV	9	δὲ	ADV	Df		δέ	discourse	17
IV	10	Σαυνιτῶν	NOUN	Nb	Case=Gen|Gender=Masc|Number=Plur	Σαυνῖται	nmod	14
IV	11	καὶ	CCONJ	C-		καί	cc	10
IV	12	Δαυνίων	ADJ	A-	Case=Gen|Degree=Pos|Gender=Masc|Number=Plur	Δαυνῖος	conj	10
IV	13	ὀγδοήκοντα	NUM	Ma		ὀγδοήκοντα	nummod	14
IV	14	κώμας	NOUN	Nb	Case=Acc|Gender=Fem|Number=Plur	κώμη	obj	17
IV	15	καὶ	CCONJ	C-		καί	cc	14
IV	16	μίαν	NUM	Ma	Case=Acc|Gender=Fem|Number=Sing	εἷς	nummod	14
IV	17	εἷλον	VERB	V-	Aspect=Perf|Mood=Ind|Number=Plur|Person=3|Tense=Past|VerbForm=Fin|Voice=Act	αἱρέω	ROOT	17
IV	18	,	PUNCT	Z		,	acl	14
IV	19	καὶ	CCONJ	C-		καί	cc	17
IV	20	ἄνδρας	NOUN	Nb	Case=Acc|Gender=Masc|Number=Plur	ἀνήρ	obj	26
IV	21	ἐξ	ADP	R-		ἐκ	case	22
IV	22	αὐτῶν	PRON	Pp	Case=Gen|Gender=Masc|Number=Plur|Person=3|PronType=Prs	αὐτός	nmod	20
IV	23	χιλίους	NUM	Ma	Case=Acc|Gender=Masc|Number=Plur	χίλιοι	nummod	20
IV	24	καὶ	CCONJ	C-		καί	cc	23
IV	25	δισμυρίους	NUM	Ma	Case=Acc|Gender=Masc|Number=Plur	δισμύριοι	conj	23
IV	26	ἀνελόντες	VERB	V-	Aspect=Perf|Case=Nom|Gender=Masc|Number=Plur|Tense=Past|VerbForm=Part|Voice=Act	ἀναιρέω	advcl	27
IV	27	ἀπανέστησαν	VERB	V-	Aspect=Perf|Mood=Ind|Number=Plur|Person=3|Tense=Past|VerbForm=Fin|Voice=Act	ἀπανέστησαν	conj	17
IV	28	αὐτοὺς	PRON	Pp	Case=Acc|Gender=Masc|Number=Plur|Person=3|PronType=Prs	αὐτός	obj	27
IV	29	ἀπὸ	ADP	R-		ἀπό	case	31
IV	30	τῆς	DET	S-	Case=Gen|Definite=Def|Gender=Fem|Number=Sing|PronType=Dem	ὁ	det	31
IV	31	Φρεγέλλης	PROPN	Ne	Case=Gen|Gender=Fem|Number=Sing	Φρεγέλλη	obl	27
IV	32	.	PUNCT	Z		.	punct	17
IV	33	καὶ	CCONJ	C-		καί	cc	37
IV	34	πάλιν	ADV	Df		πάλιν	advmod	37
IV	35	ἐς	ADP	R-		εἰς	case	36
IV	36	Ῥώμην	PROPN	Ne	Case=Acc|Gender=Fem|Number=Sing	Ῥώμη	obl	37
IV	37	ἐπρέσβευον	VERB	V-	Aspect=Imp|Mood=Ind|Number=Plur|Person=3|Tense=Past|VerbForm=Fin|Voice=Act	πρεσβεύω	ROOT	37
IV	38	οἱ	DET	S-	Case=Nom|Definite=Def|Gender=Masc|Number=Plur|PronType=Dem	ὁ	det	39
IV	39	Σαυνῖται	NOUN	Nb	Case=Nom|Gender=Masc|Number=Plur	Σαυνῖτης	nsubj	37
IV	40	,	PUNCT	Z		,	punct	37
IV	41	νεκρὰ	ADJ	A-	Case=Acc|Degree=Pos|Gender=Neut|Number=Plur	νεκρός	amod	42
IV	42	σώματα	NOUN	Nb	Case=Acc|Gender=Neut|Number=Plur	σῶμα	obj	44
IV	43	ἀνδρῶν	NOUN	Nb	Case=Gen|Gender=Masc|Number=Plur	ἀνήρ	nmod	42
IV	44	φέροντες	VERB	V-	Case=Nom|Gender=Masc|Number=Plur|Tense=Pres|VerbForm=Part|Voice=Act	φέρω	advcl	37
IV	45	ὡς	ADV	Df		ὡς	advmod	46
IV	46	αἰτίους	ADJ	A-	Case=Acc|Degree=Pos|Gender=Masc|Number=Plur	αἴτιος	xcomp	50
IV	47	τοῦδε	DET	Pd	Case=Gen|Gender=Masc|Number=Sing	ὅδε	det	49
IV	48	τοῦ	DET	S-	Case=Gen|Definite=Def|Gender=Masc|Number=Sing|PronType=Dem	ὁ	det	49
IV	49	πολέμου	NOUN	Nb	Case=Gen|Gender=Masc|Number=Sing	πόλεμος	iobj	46
IV	50	γεγονότας	VERB	V-	Aspect=Perf|Case=Acc|Gender=Masc|Number=Plur|Tense=Past|VerbForm=Part|Voice=Act	γίγνομαι	det	42
IV	51	ἀνῃρηκότες	VERB	V-	Aspect=Perf|Case=Nom|Gender=Masc|Number=Plur|Tense=Past|VerbForm=Part|Voice=Act	ἀνῃρηκότες	advcl	44
IV	52	,	PUNCT	Z		,	punct	37
IV	53	καὶ	CCONJ	C-		καί	det	54
IV	54	χρυσίον	NOUN	Nb	Case=Acc|Gender=Neut|Number=Sing	χρυσίον	ROOT	54
IV	55	ὡς	ADV	Df		ὡς	advmod	60
IV	56	ἀπὸ	ADP	R-		ἀπό	case	59
IV	57	τῆς	DET	S-	Case=Gen|Definite=Def|Gender=Fem|Number=Sing|PronType=Dem	ὁ	det	59
IV	58	ἐκείνων	DET	Pd	Case=Gen|Gender=Masc|Number=Plur	ἐκεῖνος	det	59
IV	59	περιουσίας	NOUN	Nb	Case=Gen|Gender=Fem|Number=Sing	περιουσία	obl	60
IV	60	πεπορισμένον	VERB	V-	Aspect=Perf|Case=Acc|Gender=Neut|Number=Sing|Tense=Past|VerbForm=Part|Voice=Pass	πεπορισμένος	acl	54
IV	61	.	PUNCT	Z		.	punct	54
IV	62	ἐφʼ	ADP	R-		ἐπί	case	63
IV	63	οἷς	PRON	Pr	Case=Dat|Gender=Neut|Number=Plur|PronType=Rel	ὅς	obl	68
IV	64	αὐτοὺς	PRON	Pp	Case=Acc|Gender=Masc|Number=Plur|Person=3|PronType=Prs	αὐτός	nsubj	69
IV	65	ἡ	DET	S-	Case=Nom|Definite=Def|Gender=Fem|Number=Sing|PronType=Dem	ὁ	det	66
IV	66	βουλὴ	NOUN	Nb	Case=Nom|Gender=Fem|Number=Sing	βουλή	nsubj	68
IV	67	πάνυ	ADV	Df		πάνυ	advmod	68
IV	68	νομίζουσα	VERB	V-	Case=Nom|Gender=Fem|Number=Sing|Tense=Pres|VerbForm=Part|Voice=Act	νομίζω	advcl	70
IV	69	τετρῦσθαι	VERB	V-	Tense=Pres|VerbForm=Inf|Voice=Mid	τρύω	ccomp	68
IV	70	,	PUNCT	Z		,	advmod	73
IV	71	προσεδόκα	VERB	V-	Aspect=Imp|Mood=Ind|Number=Sing|Person=3|Tense=Past|VerbForm=Fin|Voice=Act	προσδοκάω	ROOT	71
IV	72	κακοπαθοῦντας	VERB	V-	Case=Acc|Gender=Masc|Number=Plur|Tense=Pres|VerbForm=Part|Voice=Act	κακοπαθοῦντας	advcl	73
IV	73	ἐνδώσειν	VERB	V-	Tense=Fut|VerbForm=Inf|Voice=Act	ἐνδίδωμι	xcomp	71
IV	74	περὶ	ADP	R-		περί	case	76
IV	75	τῆς	DET	S-	Case=Gen|Definite=Def|Gender=Fem|Number=Sing|PronType=Dem	ὁ	det	76
IV	76	ἡγεμονίας	NOUN	Nb	Case=Gen|Gender=Fem|Number=Sing	ἡγεμονία	obl	73
IV	77	.	PUNCT	Z		.	punct	71
IV	78	οἱ	PRON	Pp	Case=Nom|Gender=Masc|Number=Plur|Person=3|PronType=Prs	ὁ	nsubj	83
IV	79	δὲ	ADV	Df		δέ	discourse	83
IV	80	τὰ	DET	S-	Case=Acc|Definite=Def|Gender=Neut|Number=Plur|PronType=Dem	ὁ	det	82
IV	81	μὲν	ADV	Df		μέν	discourse	83
IV	82	ἄλλα	ADJ	Px	Case=Acc|Degree=Pos|Gender=Neut|Number=Plur	ἄλλος	obj	83
IV	83	ἐδέχοντο	VERB	V-	Aspect=Imp|Mood=Ind|Number=Plur|Person=3|Tense=Past|VerbForm=Fin|Voice=Mid	δέχομαι	ROOT	83
IV	84	,	PUNCT	Z		,	dep	83
IV	85	καὶ	CCONJ	C-		καί	cc	84
IV	86	εἴ	SCONJ	G-		εἰ	mark	89
IV	87	τι	ADJ	Px	Case=Acc|Gender=Neut|Number=Sing	τίς	obl	89
IV	88	καὶ	ADV	Df		καί	advmod	89
IV	89	ἀντέλεγον	VERB	V-	Aspect=Imp|Mood=Ind|Number=Plur|Person=3|Tense=Past|VerbForm=Fin|Voice=Act	ἀντιλέγω	conj	84
IV	90	,	PUNCT	Z		,	punct	83
IV	91	ἢ	CCONJ	C-		ἤ	cc	92
IV	92	παρῃτοῦντο	VERB	V-	Aspect=Imp|Mood=Ind|Number=Plur|Person=3|Tense=Past|VerbForm=Fin|Voice=Mid	παραιτέομαι	ROOT	92
IV	93	καὶ	CCONJ	C-		καί	cc	92
IV	94	παρεκάλουν	VERB	V-	Aspect=Imp|Mood=Ind|Number=Plur|Person=3|Tense=Past|VerbForm=Fin|Voice=Act	παρακαλέω	conj	92
IV	95	ἢ	CCONJ	C-		ἤ	cc	92
IV	96	ἐς	ADP	R-		εἰς	case	98
IV	97	τὰς	DET	S-	Case=Acc|Definite=Def|Gender=Fem|Number=Plur|PronType=Dem	ὁ	det	98
IV	98	πόλεις	NOUN	Nb	Case=Acc|Gender=Fem|Number=Plur	πόλις	obl	99
IV	99	ἀνετίθεντο	VERB	V-	Aspect=Imp|Mood=Ind|Number=Plur|Person=3|Tense=Past|VerbForm=Fin|Voice=Pass	ἀνετίθεντο	conj	92
IV	100	·	PUNCT	Z		·	punct	92
IV	101	περὶ	ADP	R-		περί	case	104
IV	102	δὲ	ADV	Df		δέ	discourse	110
IV	103	τῆς	DET	S-	Case=Gen|Definite=Def|Gender=Fem|Number=Sing|PronType=Dem	ὁ	det	104
IV	104	ἡγεμονίας	NOUN	Nb	Case=Gen|Gender=Fem|Number=Sing	ἡγεμονία	obl	106
IV	105	οὐκ	ADV	Df	Polarity=Neg	οὐ	advmod	106
IV	106	ἀνασχόμενοι	VERB	V-	Aspect=Perf|Case=Nom|Gender=Masc|Number=Plur|Tense=Past|VerbForm=Part|Voice=Mid	ἀνέχω	advcl	110
IV	107	πάλιν	ADV	Df		πάλιν	advmod	106
IV	108	οὐδʼ	ADV	Df	Polarity=Neg	οὐδέ	advmod	106
IV	109	ἀκοῦσαι	VERB	V-	Aspect=Perf|Tense=Past|VerbForm=Inf|Voice=Act	ἀκούω	xcomp	106
IV	110	,	PUNCT	Z		,	advmod	117
IV	111	οὐκ	ADV	Df	Polarity=Neg	οὐ	advmod	112
IV	112	ἐκδωσόμενοι	VERB	V-	Case=Nom|Gender=Masc|Number=Plur|Tense=Fut|VerbForm=Part|Voice=Mid	ἐκδωσόμενω	advcl	116
IV	113	δὴ	ADV	Df		δή	discourse	112
IV	114	τὰς	DET	S-	Case=Acc|Definite=Def|Gender=Fem|Number=Plur|PronType=Dem	ὁ	det	115
IV	115	πόλεις	NOUN	Nb	Case=Acc|Gender=Fem|Number=Plur	πόλις	obj	112
IV	116	ἔφασαν	VERB	V-	Aspect=Imp|Mood=Ind|Number=Plur|Person=3|Tense=Past|VerbForm=Fin|Voice=Act	φημί	ROOT	116
IV	117	ἥκειν	VERB	V-	Tense=Pres|VerbForm=Inf|Voice=Act	ἥκω	xcomp	116
IV	118	,	PUNCT	Z		,	dep	116
IV	119	ἀλλʼ	CCONJ	C-		ἀλλά	cc	118
IV	120	ἐς	ADP	R-		εἰς	case	121
IV	121	φιλίαν	NOUN	Nb	Case=Acc|Gender=Fem|Number=Sing	φιλία	obl	122
IV	122	συνάξοντες	VERB	V-	Case=Nom|Gender=Masc|Number=Plur|Tense=Fut|VerbForm=Part|Voice=Act	συνάξω	conj	118
IV	123	.	PUNCT	Z		.	punct	116
IV	124	λυσάμενοι	VERB	V-	Aspect=Perf|Case=Nom|Gender=Masc|Number=Plur|Tense=Past|VerbForm=Part|Voice=Mid	λύω	advcl	130
IV	125	δὴ	ADV	Df		δή	discourse	130
IV	126	τοῦ	DET	S-	Case=Gen|Definite=Def|Gender=Neut|Number=Sing|PronType=Dem	ὁ	det	127
IV	127	χρυσίου	NOUN	Nb	Case=Gen|Gender=Neut|Number=Sing	χρυσίον	nmod	129
IV	128	τοὺς	DET	S-	Case=Acc|Definite=Def|Gender=Masc|Number=Plur|PronType=Dem	ὁ	det	129
IV	129	αἰχμαλώτους	NOUN	Nb	Case=Acc|Gender=Masc|Number=Plur	αἰχμάλωτος	obj	124
IV	130	ἀπῄεσαν	VERB	V-	Aspect=Imp|Mood=Ind|Number=Plur|Person=3|Tense=Past|VerbForm=Fin|Voice=Act	ἄπειμι	ROOT	130
IV	131	ὀργῇ	NOUN	Nb	Case=Dat|Gender=Fem|Number=Sing	ὀργή	obl	130
IV	132	,	PUNCT	Z		,	dep	130
IV	133	καὶ	CCONJ	C-		καί	cc	136
IV	134	τὴν	DET	S-	Case=Acc|Definite=Def|Gender=Fem|Number=Sing|PronType=Dem	ὁ	det	135
IV	135	πεῖραν	NOUN	Nb	Case=Acc|Gender=Fem|Number=Sing	πεῖρα	obj	136
IV	136	ἔχοντες	VERB	V-	Case=Nom|Gender=Masc|Number=Plur|Tense=Pres|VerbForm=Part|Voice=Act	ἔχω	ROOT	136
IV	137	τὴν	DET	S-	Case=Acc|Definite=Def|Gender=Fem|Number=Sing|PronType=Dem	ὁ	det	140
IV	138	περὶ	ADP	R-		περί	case	140
IV	139	τῆς	DET	S-	Case=Gen|Definite=Def|Gender=Fem|Number=Sing|PronType=Dem	ὁ	det	140
IV	140	ἡγεμονίας	NOUN	Nb	Case=Gen|Gender=Fem|Number=Sing	ἡγεμονία	nmod	135
IV	141	.	PUNCT	Z		.	punct	136
IV	142	καὶ	CCONJ	C-		καί	cc	145
IV	143	Ῥωμαῖοι	ADJ	A-	Case=Nom|Degree=Pos|Gender=Masc|Number=Plur	Ῥωμαῖος	nsubj	145
IV	144	μὲν	ADV	Df		μέν	discourse	145
IV	145	ἐψηφίζοντο	VERB	V-	Aspect=Imp|Mood=Ind|Number=Plur|Person=3|Tense=Past|VerbForm=Fin|Voice=Mid	ψηφίζω	ROOT	145
IV	146	μηδὲ	CCONJ	C-		μηδέ	cc	151
IV	147	πρεσβείας	NOUN	Nb	Case=Acc|Gender=Fem|Number=Plur	πρεσβεία	obj	151
IV	148	ἔτι	ADV	Df		ἔτι	advmod	147
IV	149	παρὰ	ADP	R-		παρά	case	150
IV	150	Σαυνιτῶν	NOUN	Nb	Case=Gen|Gender=Masc|Number=Plur	Σαυνῖται	nmod	147
IV	151	προσίεσθαι	VERB	V-	Tense=Pres|VerbForm=Inf|Voice=Mid	προσίημι	xcomp	145
IV	152	,	PUNCT	Z		,	parataxis	145
IV	153	ἀλλʼ	CCONJ	C-		ἀλλά	cc	152
IV	154	ἄσπονδον	ADJ	A-	Case=Acc|Degree=Pos|Gender=Masc|Number=Sing	ἄσπονδος	amod	157
IV	155	καὶ	CCONJ	C-		καί	cc	154
IV	156	ἀκήρυκτον	ADJ	A-	Case=Acc|Degree=Pos|Gender=Masc|Number=Sing	ἀκήρυκτος	conj	154
IV	157	πόλεμον	NOUN	Nb	Case=Acc|Gender=Masc|Number=Sing	πόλεμος	obj	159
IV	158	αὐτοῖς	PRON	Pp	Case=Dat|Gender=Masc|Number=Plur|Person=3|PronType=Prs	αὐτός	iobj	159
IV	159	πολεμεῖν	VERB	V-	Tense=Pres|VerbForm=Inf|Voice=Act	πολεμέω	conj	152
IV	160	ἕως	SCONJ	G-		ἕως	mark	163
IV	161	κατὰ	ADP	R-		κατά	case	162
IV	162	κράτος	NOUN	Nb	Case=Acc|Gender=Neut|Number=Sing	κράτος	obl	163
IV	163	ἐξέλωσι	VERB	V-	Aspect=Perf|Mood=Sub|Number=Plur|Person=3|Tense=Past|VerbForm=Fin|Voice=Act	ἐξελαύνω	advcl	159
IV	164	,	PUNCT	Z		,	punct	145
IV	165	θεὸς	NOUN	Nb	Case=Nom|Gender=Masc|Number=Sing	θεός	nsubj	167
IV	166	δʼ	ADV	Df		δέ	discourse	167
IV	167	ἐνεμέσησε	VERB	V-	Aspect=Perf|Mood=Ind|Number=Sing|Person=3|Tense=Past|VerbForm=Fin|Voice=Act	νεμεσάω	ROOT	167
IV	168	τῆς	DET	S-	Case=Gen|Definite=Def|Gender=Fem|Number=Sing|PronType=Dem	ὁ	det	169
IV	169	μεγαληγορίας	NOUN	Nb	Case=Gen|Gender=Fem|Number=Sing	μεγαληγορία	iobj	167
IV	170	,	PUNCT	Z		,	parataxis	167
IV	171	καὶ	CCONJ	C-		καί	cc	173
IV	172	ὕστερον	ADJ	A-	Case=Acc|Degree=Pos|Gender=Neut|Number=Sing	ὕστερος	advmod	173
IV	173	ἡττήθησαν	VERB	V-	Aspect=Perf|Mood=Ind|Number=Plur|Person=3|Tense=Past|VerbForm=Fin|Voice=Pass	ἡσσάομαι	ROOT	173
IV	174	ὑπὸ	ADP	R-		ὑπό	case	175
IV	175	Σαυνιτῶν	NOUN	Nb	Case=Gen|Gender=Masc|Number=Plur	Σαυνῖται	obl:agent	173
IV	176	καὶ	CCONJ	C-		καί	cc	173
IV	177	ὑπὸ	ADP	R-		ὑπό	case	178
IV	178	ζυγὸν	NOUN	Nb	Case=Acc|Gender=Masc|Number=Sing	ζυγόν	obl	179
IV	179	ἤχθησαν	VERB	V-	Aspect=Perf|Mood=Ind|Number=Plur|Person=3|Tense=Past|VerbForm=Fin|Voice=Pass	ἄγω	conj	173
IV	180	οἱ	DET	S-	Case=Nom|Definite=Def|Gender=Masc|Number=Plur|PronType=Dem	ὁ	det	181
IV	181	Ῥωμαῖοι	ADJ	A-	Case=Nom|Degree=Pos|Gender=Masc|Number=Plur	Ῥωμαῖος	nsubj:pass	179
IV	182	.	PUNCT	Z		.	punct	173
IV	183	ἐς	ADP	R-		εἰς	case	186
IV	184	γὰρ	ADV	Df		γάρ	discourse	194
IV	185	στενώτατον	ADJ	A-	Case=Acc|Degree=Sup|Gender=Masc|Number=Sing	στενός	amod	186
IV	186	χῶρον	NOUN	Nb	Case=Acc|Gender=Masc|Number=Sing	χῶρος	obl	188
IV	187	τούτους	ADJ	Pd	Case=Acc|Gender=Masc|Number=Plur	οὗτος	obj	188
IV	188	συγκλείσαντες	VERB	V-	Aspect=Perf|Case=Nom|Gender=Masc|Number=Plur|Tense=Past|VerbForm=Part|Voice=Act	συγκλείω	advcl	194
IV	189	οἱ	DET	S-	Case=Nom|Definite=Def|Gender=Masc|Number=Plur|PronType=Dem	ὁ	det	190
IV	190	Σαυνῖται	NOUN	Nb	Case=Nom|Gender=Masc|Number=Plur	Σαυνῖτης	nsubj	194
IV	191	τοῦ	DET	S-	Case=Gen|Definite=Def|Gender=Masc|Number=Sing|PronType=Dem	ὁ	det	192
IV	192	Ποντίου	PROPN	Ne	Case=Gen|Gender=Masc|Number=Sing	Πόντιος	nsubj	194
IV	193	σφῶν	PRON	Pp	Case=Gen|Gender=Masc|Number=Plur|Person=3|PronType=Prs	σφεῖς	det	192
IV	194	στρατηγοῦντος	VERB	V-	Case=Gen|Gender=Masc|Number=Sing|Tense=Pres|VerbForm=Part|Voice=Act	στρατηγέω	advcl	195
IV	195	,	PUNCT	Z		,	ROOT	195
IV	196	καὶ	CCONJ	C-		καί	cc	198
IV	197	λιμῷ	NOUN	Nb	Case=Dat|Gender=Masc|Number=Sing	λιμός	obl	198
IV	198	πιεζομένων	VERB	V-	Case=Gen|Gender=Masc|Number=Plur|Tense=Pres|VerbForm=Part|Voice=Pass	πιεζομένω	advcl	200
IV	199	Ῥωμαίων	ADJ	A-	Case=Gen|Degree=Pos|Gender=Masc|Number=Plur	Ῥωμαῖος	nsubj:pass	198
IV	200	,	PUNCT	Z		,	advmod	205
IV	201	οἱ	DET	S-	Case=Nom|Definite=Def|Gender=Masc|Number=Plur|PronType=Dem	ὁ	det	202
IV	202	στρατηγοὶ	NOUN	Nb	Case=Nom|Gender=Masc|Number=Plur	στρατηγός	nsubj	205
IV	203	σφῶν	PRON	Pp	Case=Gen|Gender=Masc|Number=Plur|Person=3|PronType=Prs	σφεῖς	det	202
IV	204	πρεσβευσάμενοι	VERB	V-	Aspect=Perf|Case=Nom|Gender=Masc|Number=Plur|Tense=Past|VerbForm=Part|Voice=Mid	πρεσβεύσομαι	advcl	205
IV	205	παρεκάλουν	VERB	V-	Aspect=Imp|Mood=Ind|Number=Plur|Person=3|Tense=Past|VerbForm=Fin|Voice=Act	παρακαλέω	ROOT	205
IV	206	τὸν	DET	S-	Case=Acc|Definite=Def|Gender=Masc|Number=Sing|PronType=Dem	ὁ	det	207
IV	207	Πόντιον	PROPN	Ne	Case=Acc|Gender=Masc|Number=Sing	Πόντιος	obj	205
IV	208	καταθέσθαι	VERB	V-	Aspect=Perf|Tense=Past|VerbForm=Inf|Voice=Mid	κατατίθημι	xcomp	205
IV	209	Ῥωμαίοις	ADJ	A-	Case=Dat|Degree=Pos|Gender=Masc|Number=Plur	Ῥωμαῖος	iobj	208
IV	210	χάριν	NOUN	Nb	Case=Acc|Gender=Fem|Number=Sing	χάρις	obj	208
IV	211	,	PUNCT	Z		,	dep	205
IV	212	ἣν	PRON	Pr	Case=Acc|Gender=Fem|Number=Sing|PronType=Rel	ὅς	obj	215
IV	213	οὐ	ADV	Df	Polarity=Neg	οὐ	advmod	215
IV	214	πολλοὶ	ADJ	A-	Case=Nom|Degree=Pos|Gender=Masc|Number=Plur	πολύς	amod	216
IV	215	παρέχουσι	VERB	V-	Mood=Ind|Number=Plur|Person=3|Tense=Pres|VerbForm=Fin|Voice=Act	παρέχω	ccomp	205
IV	216	καιροί	NOUN	Nb	Case=Nom|Gender=Masc|Number=Plur	καιρός	nsubj	215
IV	217	.	PUNCT	Z		.	punct	205
IV	218	ὁ	PRON	Pp	Case=Nom|Gender=Masc|Number=Sing|Person=3|PronType=Prs	ὁ	nsubj	220
IV	219	δὲ	ADV	Df		δέ	discourse	220
IV	220	ἀπεκρίνατο	VERB	V-	Aspect=Perf|Mood=Ind|Number=Sing|Person=3|Tense=Past|VerbForm=Fin|Voice=Mid	ἀποκρίνω	ROOT	220
IV	221	μὴ	ADV	Df	Polarity=Neg	μή	advmod	222
IV	222	δεῖν	VERB	V-	Tense=Pres|VerbForm=Inf|Voice=Act	δεῖ	ccomp	220
IV	223	μηδὲ	CCONJ	C-		μηδέ	cc	224
IV	224	πρεσβεύειν	VERB	V-	Tense=Pres|VerbForm=Inf|Voice=Act	πρεσβεύω	ccomp	222
IV	225	ἔτι	ADV	Df		ἔτι	advmod	224
IV	226	πρὸς	ADP	R-		πρός	case	227
IV	227	αὐτόν	PRON	Pp	Case=Acc|Gender=Masc|Number=Sing|Person=3|PronType=Prs	αὐτός	obl	224
IV	228	,	PUNCT	Z		,	dep	220
IV	229	εἰ	SCONJ	G-		εἰ	mark	235
IV	230	μὴ	ADV	Df	Polarity=Neg	μή	advmod	235
IV	231	τὰ	DET	S-	Case=Acc|Definite=Def|Gender=Neut|Number=Plur|PronType=Dem	ὁ	det	232
IV	232	ὅπλα	NOUN	Nb	Case=Acc|Gender=Neut|Number=Plur	ὅπλον	obj	233
IV	233	καὶ	CCONJ	C-		καί	advmod	234
IV	234	αὑτοὺς	PRON	Pp	Case=Acc|Gender=Masc|Number=Plur|Person=3|PronType=Prs	ἑαυτοῦ	obj	235
IV	235	παραδοῖεν	VERB	V-	Aspect=Perf|Mood=Opt|Number=Plur|Person=3|Tense=Past|VerbForm=Fin|Voice=Act	παραδέω	advcl	220
IV	236	.	PUNCT	Z		.	punct	220
IV	237	θρῆνος	NOUN	Nb	Case=Nom|Gender=Masc|Number=Sing	θρῆνος	ROOT	237
IV	238	οὖν	ADV	Df		οὖν	discourse	237
IV	239	ἦν	AUX	V-	Aspect=Imp|Mood=Ind|Number=Sing|Person=3|Tense=Past|VerbForm=Fin|Voice=Act	εἰμί	cop	237
IV	240	οἷα	ADV	Df		οἷος	advmod	237
IV	241	πόλεως	NOUN	Nb	Case=Gen|Gender=Fem|Number=Sing	πόλις	nsubj	242
IV	242	ἁλούσης	VERB	V-	Aspect=Perf|Case=Gen|Gender=Fem|Number=Sing|Tense=Past|VerbForm=Part|Voice=Act	ἁλίσκομαι	advcl	240
IV	243	.	PUNCT	Z		.	punct	237
IV	244	καὶ	CCONJ	C-		καί	cc	247
IV	245	οἱ	DET	S-	Case=Nom|Definite=Def|Gender=Masc|Number=Plur|PronType=Dem	ὁ	det	246
IV	246	στρατηγοὶ	NOUN	Nb	Case=Nom|Gender=Masc|Number=Plur	στρατηγός	nsubj	247
IV	247	διέτριψαν	VERB	V-	Aspect=Perf|Mood=Ind|Number=Plur|Person=3|Tense=Past|VerbForm=Fin|Voice=Act	διατρίβω	ROOT	247
IV	248	μὲν	ADV	Df		μέν	discourse	247
IV	249	ἔτι	ADV	Df		ἔτι	advmod	247
IV	250	ἄλλας	ADJ	A-	Case=Acc|Degree=Pos|Gender=Fem|Number=Plur	ἄλλος	amod	251
IV	251	ἡμέρας	NOUN	Nb	Case=Acc|Gender=Fem|Number=Plur	ἡμέρα	obl	247
IV	252	,	PUNCT	Z		,	advmod	247
IV	253	ὀκνοῦντες	VERB	V-	Case=Nom|Gender=Masc|Number=Plur|Tense=Pres|VerbForm=Part|Voice=Act	ὀκνέω	advcl	247
IV	254	ἀνάξιόν	ADJ	A-	Case=Acc|Degree=Pos|Gender=Neut|Number=Sing	ἀνάξιος	xcomp	258
IV	255	τι	DET	Px	Case=Acc|Gender=Neut|Number=Sing	τίς	det	254
IV	256	τῆς	DET	S-	Case=Gen|Definite=Def|Gender=Fem|Number=Sing|PronType=Dem	ὁ	det	257
IV	257	πόλεως	NOUN	Nb	Case=Gen|Gender=Fem|Number=Sing	πόλις	iobj	254
IV	258	ἐργάσασθαι	VERB	V-	Aspect=Perf|Tense=Past|VerbForm=Inf|Voice=Mid	ἐργάζομαι	xcomp	253
IV	259	·	PUNCT	Z		·	punct	247
IV	260	ὡς	SCONJ	G-		ὡς	mark	265
IV	261	δʼ	ADV	Df		δέ	discourse	266
IV	262	οὔτε	CCONJ	C-		οὔτε	cc	265
IV	263	μηχανὴ	NOUN	Nb	Case=Nom|Gender=Fem|Number=Sing	μηχανή	nsubj:pass	265
IV	264	σωτηρίας	NOUN	Nb	Case=Gen|Gender=Fem|Number=Sing	σωτηρία	nmod	263
IV	265	ἐφαίνετο	VERB	V-	Aspect=Imp|Mood=Ind|Number=Sing|Person=3|Tense=Past|VerbForm=Fin|Voice=Pass	φαίνω	advcl	266
IV	266	,	PUNCT	Z		,	ROOT	266
IV	267	ὅ	DET	S-	Case=Nom|Definite=Def|Gender=Masc|Number=Sing|PronType=Dem	ὅς	det	269
IV	268	τε	CCONJ	C-		τε	cc	270
IV	269	λιμὸς	NOUN	Nb	Case=Nom|Gender=Masc|Number=Sing	λιμός	nsubj	270
IV	270	ἐπίεζεν	VERB	V-	Aspect=Imp|Mood=Ind|Number=Sing|Person=3|Tense=Past|VerbForm=Fin|Voice=Act	πιέζω	conj	266
IV	271	αὐτούς	PRON	Pp	Case=Acc|Gender=Masc|Number=Plur|Person=3|PronType=Prs	αὐτός	obj	270
IV	272	,	PUNCT	Z		,	advmod	270
IV	273	καὶ	CCONJ	C-		καί	cc	272
IV	274	νεότης	NOUN	Nb	Case=Nom|Gender=Fem|Number=Sing	νεότης	nsubj	277
IV	275	ἦν	AUX	V-	Aspect=Imp|Mood=Ind|Number=Sing|Person=3|Tense=Past|VerbForm=Fin|Voice=Act	εἰμί	cop	277
IV	276	πέντε	NUM	Ma		πέντε	nummod	277
IV	277	μυριάδων	NOUN	Nb	Case=Gen|Gender=Fem|Number=Plur	μυριάς	conj	272
IV	278	,	PUNCT	Z		,	nmod	269
IV	279	ἣν	PRON	Pr	Case=Acc|Gender=Fem|Number=Sing|PronType=Rel	ὅς	obj	282
IV	280	ὤκνουν	VERB	V-	Aspect=Imp|Mood=Ind|Number=Plur|Person=3|Tense=Past|VerbForm=Fin|Voice=Act	ὀκνέω	acl	278
IV	281	φθειρομένην	VERB	V-	Case=Acc|Gender=Fem|Number=Sing|Tense=Pres|VerbForm=Part|Voice=Pass	φθείρω	advcl	282
IV	282	ὑπεριδεῖν	VERB	V-	Aspect=Perf|Tense=Past|VerbForm=Inf|Voice=Act	ὑπεροράω	xcomp	280
IV	283	,	PUNCT	Z		,	punct	266
IV	284	ἐπέτρεψαν	VERB	V-	Aspect=Perf|Mood=Ind|Number=Plur|Person=3|Tense=Past|VerbForm=Fin|Voice=Act	ἐπιτρέπω	ROOT	284
IV	285	ἑαυτοὺς	PRON	Pk	Case=Acc|Gender=Masc|Number=Plur|Person=3|PronType=Prs|Reflex=Yes	ἑαυτοῦ	obj	284
IV	286	τῷ	DET	S-	Case=Dat|Definite=Def|Gender=Masc|Number=Sing|PronType=Dem	ὁ	det	287
IV	287	Ποντίῳ	PROPN	Ne	Case=Dat|Gender=Masc|Number=Sing	πόντιος	iobj	284
IV	288	,	PUNCT	Z		,	punct	284
IV	289	καὶ	CCONJ	C-		καί	cc	290
IV	290	παρεκάλουν	VERB	V-	Aspect=Imp|Mood=Ind|Number=Plur|Person=3|Tense=Past|VerbForm=Fin|Voice=Act	παρακαλέω	ROOT	290
IV	291	,	PUNCT	Z		,	ccomp	290
IV	292	εἴτε	CCONJ	C-		εἴτε	cc	293
IV	293	κτείνειν	VERB	V-	Tense=Pres|VerbForm=Inf|Voice=Act	κτείνω	advcl	300
IV	294	εἴτε	CCONJ	C-		εἴτε	cc	293
IV	295	πωλεῖν	VERB	V-	Tense=Pres|VerbForm=Inf|Voice=Act	πωλέω	conj	293
IV	296	εἴτε	CCONJ	C-		εἴτε	cc	293
IV	297	φυλάσσειν	VERB	V-	Tense=Pres|VerbForm=Inf|Voice=Act	φυλάσσω	conj	293
IV	298	ἐπὶ	ADP	R-		ἐπί	case	299
IV	299	λύτροις	NOUN	Nb	Case=Dat|Gender=Neut|Number=Plur	λύτρον	obl	300
IV	300	ἕλοιτο	VERB	V-	Aspect=Perf|Mood=Opt|Number=Sing|Person=3|Tense=Past|VerbForm=Fin|Voice=Mid	αἱρέω	ccomp	290
IV	301	,	PUNCT	Z		,	ccomp	290
IV	302	μηδὲν	ADJ	Px	Case=Acc|Gender=Neut|Number=Sing	μηδείς	obl	307
IV	303	ἐς	ADP	R-		εἰς	case	304
IV	304	σώματα	NOUN	Nb	Case=Acc|Gender=Neut|Number=Plur	σῶμα	obl	307
IV	305	ἀνδρῶν	NOUN	Nb	Case=Gen|Gender=Masc|Number=Plur	ἀνήρ	nmod	304
IV	306	ἀτυχούντων	VERB	V-	Case=Gen|Gender=Masc|Number=Plur|Tense=Pres|VerbForm=Part|Voice=Act	ἀτυχέω	acl	305
IV	307	ὑβρίσαι	VERB	V-	Aspect=Perf|Tense=Past|VerbForm=Inf|Voice=Act	ὑβρίζω	xcomp	301
IV	308	.	PUNCT	Z		.	punct	290
IV	309	ὁ	PRON	Pp	Case=Nom|Gender=Masc|Number=Sing|Person=3|PronType=Prs	ὁ	nsubj	313
IV	310	δὲ	ADV	Df		δέ	discourse	313
IV	311	τῷ	DET	S-	Case=Dat|Definite=Def|Gender=Masc|Number=Sing|PronType=Dem	ὁ	det	312
IV	312	πατρὶ	NOUN	Nb	Case=Dat|Gender=Masc|Number=Sing	πατήρ	iobj	313
IV	313	συνεβουλεύετο	VERB	V-	Aspect=Imp|Mood=Ind|Number=Sing|Person=3|Tense=Past|VerbForm=Fin|Voice=Mid	συνεβουλεύω	ROOT	313
IV	314	,	PUNCT	Z		,	punct	313
IV	315	μεταπεμψάμενος	VERB	V-	Aspect=Perf|Case=Nom|Gender=Masc|Number=Sing|Tense=Past|VerbForm=Part|Voice=Mid	μεταπέμπω	advcl	320
IV	316	αὐτὸν	PRON	Pp	Case=Acc|Gender=Masc|Number=Sing|Person=3|PronType=Prs	αὐτός	obj	315
IV	317	ἐκ	ADP	R-		ἐκ	case	319
IV	318	τοῦ	DET	S-	Case=Gen|Definite=Def|Gender=Neut|Number=Sing|PronType=Dem	ὁ	det	319
IV	319	Καυδίου	ADJ	A-	Case=Gen|Degree=Pos|Gender=Neut|Number=Sing	Καυδῖος	obl	315
IV	320	,	PUNCT	Z		,	ROOT	320
IV	321	φερόμενον	VERB	V-	Case=Acc|Gender=Masc|Number=Sing|Tense=Pres|VerbForm=Part|Voice=Pass	φέρω	ROOT	321
IV	322	ὑπὸ	ADP	R-		ὑπό	case	323
IV	323	γήρως	NOUN	Nb	Case=Gen|Gender=Masc|Number=Sing	γῆρας	obl:agent	321
IV	324	ἁμάξῃ	NOUN	Nb	Case=Dat|Gender=Fem|Number=Sing	ἄμαξα	obl	321
IV	325	.	PUNCT	Z		.	punct	321
IV	326	καὶ	CCONJ	C-		καί	cc	329
IV	327	ὁ	DET	S-	Case=Nom|Definite=Def|Gender=Masc|Number=Sing|PronType=Dem	ὁ	det	328
IV	328	πρεσβύτης	NOUN	Nb	Case=Nom|Gender=Masc|Number=Sing	πρεσβύτης	nsubj	329
IV	329	ἔφη	VERB	V-	Aspect=Imp|Mood=Ind|Number=Sing|Person=3|Tense=Past|VerbForm=Fin|Voice=Act	φημί	ROOT	329
IV	330	,	PUNCT	Z		,	punct	329
IV	331	ἓν	NUM	Ma	Case=Nom|Gender=Neut|Number=Sing	εἷς	nummod	333
IV	332	ἔστιν	AUX	V-	Mood=Ind|Number=Sing|Person=3|Tense=Pres|VerbForm=Fin|Voice=Act	εἰμί	cop	331
IV	333	,	PUNCT	Z		,	det	339
IV	334	ὦ	INTJ	I-		ὦ	discourse	335
IV	335	παῖ	NOUN	Nb	Case=Voc|Gender=Masc|Number=Sing	παῖς	vocative	333
IV	336	,	PUNCT	Z		,	det	339
IV	337	μεγάλης	ADJ	A-	Case=Gen|Degree=Pos|Gender=Fem|Number=Sing	μέγας	amod	338
IV	338	ἔχθρας	NOUN	Nb	Case=Gen|Gender=Fem|Number=Sing	ἔχθρα	nmod	339
IV	339	φάρμακον	NOUN	Nb	Case=Nom|Gender=Neut|Number=Sing	φάρμακον	ROOT	339
IV	340	,	PUNCT	Z		,	amod	339
IV	341	εὐεργεσίας	NOUN	Nb	Case=Gen|Gender=Fem|Number=Sing	εὐεργεσία	ROOT	341
IV	342	ἢ	CCONJ	C-		ἤ	cc	341
IV	343	κολάσεως	NOUN	Nb	Case=Gen|Gender=Fem|Number=Sing	κόλασις	nmod	344
IV	344	ὑπερβολή	NOUN	Nb	Case=Nom|Gender=Fem|Number=Sing	ὑπερβολή	conj	341
IV	345	.	PUNCT	Z		.	punct	341
IV	346	αἱ	DET	S-	Case=Nom|Definite=Def|Gender=Fem|Number=Plur|PronType=Dem	ὁ	det	349
IV	347	μὲν	ADV	Df		μέν	discourse	350
IV	348	οὖν	ADV	Df		οὖν	discourse	350
IV	349	κολάσεις	NOUN	Nb	Case=Nom|Gender=Fem|Number=Plur	κολάζω	nsubj	350
IV	350	καταπλήσσουσιν	VERB	V-	Mood=Ind|Number=Plur|Person=3|Tense=Pres|VerbForm=Fin|Voice=Act	καταπλήσσω	ROOT	350
IV	351	,	PUNCT	Z		,	punct	350
IV	352	αἱ	DET	S-	Case=Nom|Definite=Def|Gender=Fem|Number=Plur|PronType=Dem	ὁ	det	354
IV	353	δὲ	ADV	Df		δέ	discourse	355
IV	354	εὐεργεσίαι	NOUN	Nb	Case=Nom|Gender=Fem|Number=Plur	εὐεργεσία	nsubj	355
IV	355	προσάγονται	VERB	V-	Mood=Ind|Number=Plur|Person=3|Tense=Pres|VerbForm=Fin|Voice=Mid	προσάγω	ROOT	355
IV	356	.	PUNCT	Z		.	punct	355
IV	357	ἴσθι	VERB	V-	Aspect=Perf|Mood=Imp|Number=Sing|Person=2|Tense=Past|VerbForm=Fin|Voice=Act	οἶδα	cop	358
IV	358	νίκην	NOUN	Nb	Case=Acc|Gender=Fem|Number=Sing	νίκη	ROOT	358
IV	359	τήνδε	DET	Pd	Case=Acc|Gender=Fem|Number=Sing	ὅδε	det	358
IV	360	πρώτην	ADJ	Mo	Case=Acc|Gender=Fem|Number=Sing	πρῶτος	advmod	358
IV	361	καὶ	CCONJ	C-		καί	cc	360
IV	362	μεγίστην	ADJ	A-	Case=Acc|Degree=Sup|Gender=Fem|Number=Sing	μέγας	conj	360
IV	363	,	PUNCT	Z		,	punct	358
IV	364	θησαυρίζειν	VERB	V-	Tense=Pres|VerbForm=Inf|Voice=Act	θησαυρίζω	ROOT	364
IV	365	τὴν	DET	S-	Case=Acc|Definite=Def|Gender=Fem|Number=Sing|PronType=Dem	ὁ	det	366
IV	366	εὐτυχίαν	NOUN	Nb	Case=Acc|Gender=Fem|Number=Sing	εὐτυχία	obj	364
IV	367	·	PUNCT	Z		·	ROOT	367
IV	368	καὶ	CCONJ	C-		καί	cc	370
IV	369	πάντας	ADJ	Px	Case=Acc|Gender=Masc|Number=Plur	πᾶς	obj	370
IV	370	ἀπόλυσον	VERB	V-	Aspect=Perf|Mood=Imp|Number=Sing|Person=2|Tense=Past|VerbForm=Fin|Voice=Act	ἀπολύω	ROOT	370
IV	371	ἀπαθεῖς	ADJ	A-	Case=Acc|Degree=Pos|Gender=Masc|Number=Plur	ἀπαθής	advmod	370
IV	372	,	PUNCT	Z		,	punct	370
IV	373	μήτʼ	CCONJ	C-		μήτε	cc	374
IV	374	ἐνυβρίσας	VERB	V-	Aspect=Perf|Case=Nom|Gender=Masc|Number=Sing|Tense=Past|VerbForm=Part|Voice=Act	ἐνυβρίζω	ROOT	374
IV	375	μήτʼ	CCONJ	C-		μήτε	cc	374
IV	376	ἀφελόμενος	VERB	V-	Aspect=Perf|Case=Nom|Gender=Masc|Number=Sing|Tense=Past|VerbForm=Part|Voice=Act	ἀφαιρέω	conj	374
IV	377	μηδέν	ADJ	Px	Case=Acc|Gender=Neut|Number=Sing	μηδείς	obj	376
IV	378	,	PUNCT	Z		,	cc	374
IV	379	ἵνα	SCONJ	G-		ἵνα	mark	380
IV	380	σῶον	ADJ	A-	Case=Nom|Degree=Pos|Gender=Neut|Number=Sing	σῴζω	advcl	374
IV	381	ᾖ	AUX	V-	Mood=Sub|Number=Sing|Person=3|Tense=Pres|VerbForm=Fin|Voice=Act	εἰμί	cop	380
IV	382	σοι	PRON	Pp	Case=Dat|Gender=Masc|Number=Sing|Person=2|PronType=Prs	σύ	obl	380
IV	383	τὸ	DET	S-	Case=Nom|Definite=Def|Gender=Neut|Number=Sing|PronType=Dem	ὁ	det	384
IV	384	μέγεθος	NOUN	Nb	Case=Nom|Gender=Neut|Number=Sing	μέγεθος	nsubj	380
IV	385	τῆς	DET	S-	Case=Gen|Definite=Def|Gender=Fem|Number=Sing|PronType=Dem	ὁ	det	386
IV	386	εὐεργεσίας	NOUN	Nb	Case=Gen|Gender=Fem|Number=Sing	εὐεργεσία	nmod	384
IV	387	.	PUNCT	Z		.	ROOT	387
IV	388	εἰσὶ	AUX	V-	Mood=Ind|Number=Plur|Person=3|Tense=Pres|VerbForm=Fin|Voice=Act	εἰμί	cop	390
IV	389	δʼ	ADV	Df		δέ	discourse	390
IV	390	,	PUNCT	Z		,	ROOT	390
IV	391	ὡς	ADV	Dq	PronType=Rel	ὡς	advmod	392
IV	392	ἀκούω	VERB	V-	Mood=Ind|Number=Sing|Person=1|Tense=Pres|VerbForm=Fin|Voice=Act	ἀκούω	advcl	393
IV	393	,	PUNCT	Z		,	ROOT	393
IV	394	φιλοτιμότατοι	ADJ	A-	Case=Nom|Degree=Sup|Gender=Masc|Number=Plur	φιλοτιμότατος	ROOT	394
IV	395	.	PUNCT	Z		.	punct	394
IV	396	ἀλλὰ	CCONJ	C-		ἀλλά	cc	400
IV	397	μόναις	ADJ	A-	Case=Dat|Degree=Pos|Gender=Fem|Number=Plur	μονή	amod	405
IV	398	εὐεργεσίαις	NOUN	Nb	Case=Dat|Gender=Fem|Number=Plur	εὐεργεσία	obl	399
IV	399	ἡττώμενοι	VERB	V-	Case=Nom|Gender=Masc|Number=Plur|Tense=Pres|VerbForm=Part|Voice=Mid	ἡσσάομαι	advcl	400
IV	400	διαγωνιοῦνταί	VERB	V-	Mood=Ind|Number=Plur|Person=3|Tense=Pres|VerbForm=Fin|Voice=Mid	διαγωνιοῦμαι	ROOT	400
IV	401	σοι	PRON	Pp	Case=Dat|Gender=Masc|Number=Sing|Person=2|PronType=Prs	σύ	iobj	400
IV	402	περὶ	ADP	R-		περί	case	405
IV	403	τῆσδε	DET	Pd	Case=Gen|Gender=Fem|Number=Sing	ὅδε	det	405
IV	404	τῆς	DET	S-	Case=Gen|Definite=Def|Gender=Fem|Number=Sing|PronType=Dem	ὁ	det	405
IV	405	χάριτος	NOUN	Nb	Case=Gen|Gender=Fem|Number=Sing	χάρις	obl	400
IV	406	.	PUNCT	Z		.	punct	400
IV	407	ἔχεις	VERB	V-	Mood=Ind|Number=Sing|Person=2|Tense=Pres|VerbForm=Fin|Voice=Act	ἔχω	ROOT	407
IV	408	ἐνέχυρον	NOUN	Nb	Case=Acc|Gender=Neut|Number=Sing	ἐνέχυρον	xcomp	407
IV	409	τήνδε	DET	Pd	Case=Acc|Gender=Fem|Number=Sing	ὅδε	det	411
IV	410	τὴν	DET	S-	Case=Acc|Definite=Def|Gender=Fem|Number=Sing|PronType=Dem	ὁ	det	411
IV	411	εὐεργεσίαν	NOUN	Nb	Case=Acc|Gender=Fem|Number=Sing	εὐεργεσία	nmod	408
IV	412	εἰρήνης	NOUN	Nb	Case=Gen|Gender=Fem|Number=Sing	εἰρήνη	iobj	414
IV	413	ἀθανάτου	ADJ	A-	Case=Gen|Degree=Pos|Number=Sing	ἀθάνατος	amod	412
IV	414	λαβεῖν	VERB	V-	Aspect=Perf|Tense=Past|VerbForm=Inf|Voice=Act	λαμβάνω	xcomp	407
IV	415	.	PUNCT	Z		.	punct	407
IV	416	ἢν	SCONJ	G-		ἐάν	mark	421
IV	417	δέ	ADV	Df		δέ	discourse	422
IV	418	σε	PRON	Pp	Case=Acc|Gender=Masc|Number=Sing|Person=2|PronType=Prs	σύ	obj	421
IV	419	ταῦτα	ADJ	Pd	Case=Acc|Gender=Neut|Number=Plur	οὗτος	obj	421
IV	420	μὴ	ADV	Df	Polarity=Neg	μή	advmod	421
IV	421	πείθῃ	VERB	V-	Mood=Sub|Number=Sing|Person=3|Tense=Pres|VerbForm=Fin|Voice=Act	πείθω	advcl	422
IV	422	,	PUNCT	Z		,	ROOT	422
IV	423	κτεῖνον	VERB	V-	Mood=Imp|Number=Sing|Person=2|Tense=Pres|VerbForm=Fin|Voice=Act	κτεῖνος	ROOT	423
IV	424	ἅπαντας	ADJ	A-	Case=Acc|Degree=Pos|Gender=Masc|Number=Plur	ἅπας	obj	423
IV	425	ὁμαλῶς	ADV	Df	Degree=Pos	ὁμαλός	advmod	423
IV	426	,	PUNCT	Z		,	punct	423
IV	427	μηδʼ	CCONJ	C-		μηδέ	cc	429
IV	428	ἄγγελον	NOUN	Nb	Case=Acc|Gender=Masc|Number=Sing	ἄγγελος	obj	429
IV	429	ὑπολιπών	VERB	V-	Aspect=Perf|Case=Nom|Gender=Masc|Number=Sing|Tense=Past|VerbForm=Part|Voice=Act	ὑπολείπω	ROOT	429
IV	430	.	PUNCT	Z		.	punct	429
IV	431	λέγω	VERB	V-	Mood=Ind|Number=Sing|Person=1|Tense=Pres|VerbForm=Fin|Voice=Act	λέγω	ROOT	431
IV	432	δʼ	ADV	Df		δέ	discourse	431
IV	433	ἐκεῖνα	ADJ	Pd	Case=Acc|Gender=Neut|Number=Plur	ἐκεῖνος	obj	435
IV	434	μὲν	ADV	Df		μέν	discourse	433
IV	435	αἱρούμενος	VERB	V-	Case=Nom|Gender=Masc|Number=Sing|Tense=Pres|VerbForm=Part|Voice=Mid	αἱρέω	advcl	431
IV	436	,	PUNCT	Z		,	punct	431
IV	437	ταῦτα	ADJ	Pd	Case=Acc|Gender=Neut|Number=Plur	οὗτος	ROOT	437
IV	438	δʼ	ADV	Df		δέ	discourse	437
IV	439	ὡς	ADV	Df		ὡς	advmod	440
IV	440	ἀναγκαῖα	ADJ	A-	Case=Acc|Degree=Pos|Gender=Neut|Number=Plur	ἀναγκαῖος	orphan	437
IV	441	.	PUNCT	Z		.	ROOT	441
IV	442	Ῥωμαῖοι	ADJ	A-	Case=Nom|Degree=Pos|Gender=Masc|Number=Plur	Ῥωμαῖος	nsubj	446
IV	443	γὰρ	ADV	Df		γάρ	discourse	446
IV	444	ὁτιοῦν	ADJ	Px	Case=Acc|Gender=Neut|Number=Sing	ὁτιοῦν	obl	445
IV	445	ὑβρισθέντες	VERB	V-	Aspect=Perf|Case=Nom|Gender=Masc|Number=Plur|Tense=Past|VerbForm=Part|Voice=Pass	ὑβρισθέντες	advcl	446
IV	446	ἀμυνοῦνταί	VERB	V-	Mood=Ind|Number=Plur|Person=3|Tense=Fut|VerbForm=Fin|Voice=Mid	ἀμυνοῦντή	ROOT	446
IV	447	σε	PRON	Pp	Case=Acc|Gender=Masc|Number=Sing|Person=2|PronType=Prs	σύ	obj	446
IV	448	πάντως	ADV	Df		πάντως	advmod	446
IV	449	·	PUNCT	Z		·	punct	446
IV	450	ἀμυνεῖσθαι	VERB	V-	Tense=Fut|VerbForm=Inf|Voice=Mid	ἀμυνέω	xcomp	452
IV	451	δὲ	ADV	Df		δέ	discourse	454
IV	452	μέλλοντας	VERB	V-	Case=Acc|Gender=Masc|Number=Plur|Tense=Pres|VerbForm=Part|Voice=Act	μέλλω	advcl	454
IV	453	αὐτοὺς	PRON	Pp	Case=Acc|Gender=Masc|Number=Plur|Person=3|PronType=Prs	αὐτός	obj	454
IV	454	προκατάβλαπτε	VERB	V-	Mood=Imp|Number=Sing|Person=2|Tense=Pres|VerbForm=Fin|Voice=Act	προκατάβλαπτω	ROOT	454
IV	455	.	PUNCT	Z		.	punct	454
IV	456	μεῖζον	ADJ	A-	Case=Acc|Degree=Cmp|Gender=Neut|Number=Sing	μέγας	amod	461
IV	457	δʼ	ADV	Df		δέ	discourse	460
IV	458	οὐκ	ADV	Df	Polarity=Neg	οὐ	advmod	460
IV	459	ἂν	ADV	Df		ἄν	advmod	460
IV	460	εὕροις	VERB	V-	Aspect=Perf|Mood=Opt|Number=Sing|Person=2|Tense=Past|VerbForm=Fin|Voice=Act	εὑρίσκω	ROOT	460
IV	461	βλάβος	NOUN	Nb	Case=Acc|Gender=Neut|Number=Sing	βλάβος	obj	460
IV	462	νέων	NOUN	Nb	Case=Gen|Gender=Fem|Number=Plur	νέος	nmod	461
IV	463	ὁμοῦ	ADV	Df		ὁμοῦ	advmod	465
IV	464	πέντε	NUM	Ma		πέντε	nummod	465
IV	465	μυριάδων	NOUN	Nb	Case=Gen|Gender=Fem|Number=Plur	μυριάς	nmod	462
IV	466	.	PUNCT	Z		.	punct	460
IV	467	ὁ	PRON	Pp	Case=Nom|Gender=Masc|Number=Sing|Person=3|PronType=Prs	ὁ	nsubj	470
IV	468	μὲν	ADV	Df		μέν	discourse	470
IV	469	τοσαῦτα	ADJ	Pd	Case=Acc|Gender=Neut|Number=Plur	τοσοῦτος	obj	470
IV	470	εἶπεν	VERB	V-	Aspect=Perf|Mood=Ind|Number=Sing|Person=3|Tense=Past|VerbForm=Fin|Voice=Act	λέγω	ROOT	470
IV	471	,	PUNCT	Z		,	punct	470
IV	472	ὁ	DET	S-	Case=Nom|Definite=Def|Gender=Masc|Number=Sing|PronType=Dem	ὁ	det	474
IV	473	δὲ	ADV	Df		δέ	discourse	475
IV	474	παῖς	NOUN	Nb	Case=Nom|Gender=Masc|Number=Sing	παῖς	nsubj	475
IV	475	ἀντέλεξεν	VERB	V-	Aspect=Perf|Mood=Ind|Number=Sing|Person=3|Tense=Past|VerbForm=Fin|Voice=Act	ἀντιλέγω	ROOT	475
IV	476	·	PUNCT	Z		·	punct	475
IV	477	ὅτι	SCONJ	G-		ὅτι	dep	479
IV	478	μέν	ADV	Df		μέν	discourse	479
IV	479	,	PUNCT	Z		,	ROOT	479
IV	480	ὦ	INTJ	I-		ὦ	discourse	481
IV	481	πάτερ	NOUN	Nb	Case=Voc|Gender=Masc|Number=Sing	πατήρ	vocative	484
IV	482	,	PUNCT	Z		,	advmod	484
IV	483	ἐναντιώτατα	ADJ	A-	Case=Acc|Degree=Sup|Gender=Neut|Number=Plur	ἐναντίος	obj	484
IV	484	εἶπας	VERB	V-	Aspect=Perf|Mood=Ind|Number=Sing|Person=2|Tense=Past|VerbForm=Fin|Voice=Act	λέγω	advcl	486
IV	485	ἀλλήλοις	PRON	Pc	Case=Dat|Gender=Masc|Number=Plur|PronType=Rcp	ἀλλήλων	iobj	484
IV	486	,	PUNCT	Z		,	punct	479
IV	487	οὐ	ADV	Df	Polarity=Neg	οὐ	advmod	488
IV	488	θαυμάζω	VERB	V-	Mood=Ind|Number=Sing|Person=1|Tense=Pres|VerbForm=Fin|Voice=Act	θαυμάζω	ROOT	488
IV	489	·	PUNCT	Z		·	punct	488
IV	490	προεῖπας	VERB	V-	Aspect=Perf|Mood=Ind|Number=Sing|Person=2|Tense=Past|VerbForm=Fin|Voice=Act	προαγορεύω	ROOT	490
IV	491	γὰρ	ADV	Df		γάρ	discourse	490
IV	492	ἐρεῖν	VERB	V-	Tense=Fut|VerbForm=Inf|Voice=Act	λέγω	ccomp	490
IV	493	ὑπερβολὰς	NOUN	Nb	Case=Acc|Gender=Fem|Number=Plur	ὑπερβολή	obj	492
IV	494	ἑκατέρων	ADJ	A-	Case=Gen|Degree=Pos|Gender=Masc|Number=Plur	ἑκάτερος	amod	493
IV	495	.	PUNCT	Z		.	punct	490
IV	496	ἐγὼ	PRON	Pp	Case=Nom|Gender=Masc|Number=Sing|Person=1|PronType=Prs	ἐγώ	nsubj	499
IV	497	δὲ	ADV	Df		δέ	discourse	499
IV	498	οὐ	ADV	Df	Polarity=Neg	οὐ	advmod	499
IV	499	κτενῶ	VERB	V-	Mood=Ind|Number=Sing|Person=1|Tense=Fut|VerbForm=Fin|Voice=Act	κτείνω	ROOT	499
IV	500	μὲν	ADV	Df		μέν	discourse	499
IV	501	ἄνδρας	NOUN	Nb	Case=Acc|Gender=Masc|Number=Plur	ἀνήρ	obj	499
IV	502	τοσούτους	DET	Pd	Case=Acc|Gender=Masc|Number=Plur	τοσοῦτος	det	501
IV	503	,	PUNCT	Z		,	punct	499
IV	504	νέμεσίν	NOUN	Nb	Case=Acc|Gender=Fem|Number=Sing	νέμεσις	obj	507
IV	505	τε	CCONJ	C-		τε	cc	507
IV	506	θεοῦ	NOUN	Nb	Case=Gen|Gender=Masc|Number=Sing	θεός	nmod	504
IV	507	φυλασσόμενος	VERB	V-	Case=Nom|Gender=Masc|Number=Sing|Tense=Pres|VerbForm=Part|Voice=Mid	φυλάσσω	ROOT	507
IV	508	καὶ	CCONJ	C-		καί	cc	507
IV	509	φθόνον	NOUN	Nb	Case=Acc|Gender=Masc|Number=Sing	φθόνος	obj	511
IV	510	ἀνθρώπων	NOUN	Nb	Case=Gen|Gender=Masc|Number=Plur	ἄνθρωπος	nmod	509
IV	511	αἰδούμενος	VERB	V-	Case=Nom|Gender=Masc|Number=Sing|Tense=Pres|VerbForm=Part|Voice=Mid	αἰδέομαι	conj	507
IV	512	,	PUNCT	Z		,	nmod	504
IV	513	καὶ	CCONJ	C-		καί	cc	507
IV	514	τὰ	DET	S-	Case=Acc|Definite=Def|Gender=Neut|Number=Plur|PronType=Dem	ὁ	det	515
IV	515	ἔθνη	NOUN	Nb	Case=Acc|Gender=Neut|Number=Plur	ἔθνος	obj	521
IV	516	τὰς	DET	S-	Case=Acc|Definite=Def|Gender=Fem|Number=Plur|PronType=Dem	ὁ	det	519
IV	517	ἐς	ADP	R-		εἰς	case	518
IV	518	ἀλλήλους	PRON	Pc	Case=Acc|Gender=Masc|Number=Plur|PronType=Rcp	ἀλλήλων	det	519
IV	519	ἐλπίδας	NOUN	Nb	Case=Acc|Gender=Fem|Number=Plur	ἐλπίς	obj	521
IV	520	οὐκ	ADV	Df	Polarity=Neg	οὐ	advmod	521
IV	521	ἀφαιρήσομαι	VERB	V-	Mood=Ind|Number=Sing|Person=1|Tense=Fut|VerbForm=Fin|Voice=Mid	ἀφαιρήσω	conj	507
IV	522	διʼ	ADP	R-		διά	case	524
IV	523	ἀνηκέστου	ADJ	A-	Case=Gen|Degree=Pos|Gender=Neut|Number=Sing	ἀνήκεστος	amod	524
IV	524	κακοῦ	ADJ	A-	Case=Gen|Degree=Pos|Gender=Neut|Number=Sing	κακός	obl	521
IV	525	.	PUNCT	Z		.	punct	507
IV	526	περὶ	ADP	R-		περί	case	534
IV	527	δὲ	ADV	Df		δέ	discourse	534
IV	528	τῆς	DET	S-	Case=Gen|Definite=Def|Gender=Fem|Number=Sing|PronType=Dem	ὁ	det	529
IV	529	ἀφέσεως	NOUN	Nb	Case=Gen|Gender=Fem|Number=Sing	ἄφεσις	dep	534
IV	530	οὐδʼ	ADV	Df	Polarity=Neg	οὐδέ	advmod	534
IV	531	αὐτῷ	DET	Pd	Case=Dat|Gender=Masc,Neut|Number=Sing	αὐτός	det	534
IV	532	μέν	ADV	Df		μέν	discourse	534
IV	533	μοι	PRON	Pp	Case=Dat|Gender=Masc|Number=Sing|Person=1|PronType=Prs	ἐγώ	iobj	534
IV	534	δοκεῖ	VERB	V-	Mood=Ind|Number=Sing|Person=3|Tense=Pres|VerbForm=Fin|Voice=Act	δοκέω	ROOT	534
IV	535	,	PUNCT	Z		,	punct	534
IV	536	Ῥωμαίων	ADJ	A-	Case=Gen|Degree=Pos|Gender=Masc|Number=Plur	Ῥωμαῖος	nsubj	540
IV	537	πολλὰ	ADJ	A-	Case=Acc|Degree=Pos|Gender=Neut|Number=Plur	πολύς	amod	541
IV	538	καὶ	CCONJ	C-		καί	cc	537
IV	539	δεινὰ	ADJ	A-	Case=Acc|Degree=Pos|Gender=Neut|Number=Plur	δεῖνα	conj	537
IV	540	δεδρακότων	VERB	V-	Aspect=Perf|Case=Gen|Gender=Masc|Number=Plur|Tense=Past|VerbForm=Part|Voice=Act	δεδρακότων	advcl	542
IV	541	ἡμᾶς	PRON	Pp	Case=Acc|Gender=Masc|Number=Plur|Person=1|PronType=Prs	ἡμεῖς	obj	540
IV	542	,	PUNCT	Z		,	ROOT	542
IV	543	καὶ	CCONJ	C-		καί	cc	544
IV	544	χωρία	NOUN	Nb	Case=Acc|Gender=Neut|Number=Plur	χωρίον	obj	550
IV	545	καὶ	CCONJ	C-		καί	cc	544
IV	546	πόλεις	NOUN	Nb	Case=Acc|Gender=Fem|Number=Plur	πόλις	conj	544
IV	547	ἡμετέρας	ADJ	Ps	Case=Gen|Gender=Fem|Number=Sing|Person=1|Poss=Yes	ἡμέτερος	nmod	546
IV	548	ἔτι	ADV	Df		ἔτι	advmod	550
IV	549	νῦν	ADV	Df		νῦν	advmod	550
IV	550	ἐχόντων	VERB	V-	Case=Gen|Gender=Masc|Number=Plur|Tense=Pres|VerbForm=Part|Voice=Act	ἔχω	conj	542
IV	551	,	PUNCT	Z		,	ROOT	551
IV	552	τούσδε	DET	Pd	Case=Acc|Gender=Masc|Number=Plur	ὅδε	det	554
IV	553	τοὺς	DET	S-	Case=Acc|Definite=Def|Gender=Masc|Number=Plur|PronType=Dem	ὁ	det	554
IV	554	εἰλημμένους	VERB	V-	Aspect=Perf|Case=Acc|Gender=Masc|Number=Plur|Tense=Past|VerbForm=Part|Voice=Pass	λαμβάνω	obj	555
IV	555	ἀπολύειν	VERB	V-	Tense=Pres|VerbForm=Inf|Voice=Act	ἀπολύω	ROOT	555
IV	556	παντὸς	ADJ	Px	Case=Gen|Gender=Neut|Number=Sing	πᾶς	iobj	557
IV	557	ἀπαθεῖς	ADJ	A-	Case=Acc|Degree=Pos|Gender=Masc|Number=Plur	ἀπαθής	advmod	555
IV	558	.	PUNCT	Z		.	punct	555
IV	559	οὐ	ADV	Df	Polarity=Neg	οὐ	advmod	560
IV	560	ποιήσω	VERB	V-	Mood=Ind|Number=Sing|Person=1|Tense=Fut|VerbForm=Fin|Voice=Act	ποιέω	ROOT	560
IV	561	·	PUNCT	Z		·	punct	560
IV	562	ἐμπληξία	NOUN	Nb	Case=Nom|Gender=Fem|Number=Sing	ἐμπληξία	ROOT	562
IV	563	γὰρ	ADV	Df		γάρ	discourse	562
IV	564	ἡ	DET	S-	Case=Nom|Definite=Def|Gender=Fem|Number=Sing|PronType=Dem	ὁ	det	566
IV	565	ἄλογος	ADJ	A-	Case=Nom|Degree=Pos|Gender=Fem|Number=Sing	ἄλογος	amod	566
IV	566	φιλανθρωπία	NOUN	Nb	Case=Nom|Gender=Fem|Number=Sing	φιλανθρωπία	nsubj	562
IV	567	.	PUNCT	Z		.	punct	562
IV	568	ἐπισκόπει	VERB	V-	Mood=Imp|Number=Sing|Person=2|Tense=Pres|VerbForm=Fin|Voice=Act	ἐπισκοπέω	ROOT	568
IV	569	δέ	ADV	Df		δέ	discourse	568
IV	570	,	PUNCT	Z		,	ccomp	568
IV	571	παρεὶς	VERB	V-	Aspect=Perf|Case=Nom|Gender=Masc|Number=Sing|Tense=Past|VerbForm=Part|Voice=Act	παρίημι	advcl	568
IV	572	ἐμέ	PRON	Pp	Case=Acc|Gender=Masc|Number=Sing|Person=1|PronType=Prs	ἐγώ	obj	571
IV	573	,	PUNCT	Z		,	punct	568
IV	574	καὶ	ADV	Df		καί	advmod	577
IV	575	τὸ	DET	S-	Case=Acc|Definite=Def|Gender=Neut|Number=Sing|PronType=Dem	ὁ	det	577
IV	576	τῶν	DET	S-	Case=Gen|Definite=Def|Gender=Masc|Number=Plur|PronType=Dem	ὁ	det	577
IV	577	Σαυνιτῶν	NOUN	Nb	Case=Gen|Gender=Masc|Number=Plur	Σαυνῖται	ROOT	577
IV	578	·	PUNCT	Z		·	punct	577
IV	579	ὧν	PRON	Pr	Case=Gen|Gender=Masc|Number=Plur|PronType=Rel	ὅς	det	580
IV	580	παῖδες	NOUN	Nb	Case=Nom|Gender=Masc|Number=Plur	παῖς	nsubj	585
IV	581	καὶ	CCONJ	C-		καί	cc	580
IV	582	πατέρες	NOUN	Nb	Case=Nom|Gender=Masc|Number=Plur	πατήρ	conj	580
IV	583	καὶ	CCONJ	C-		καί	cc	580
IV	584	ἀδελφοὶ	NOUN	Nb	Case=Nom|Gender=Masc|Number=Plur	ἀδελφός	conj	580
IV	585	τεθνᾶσιν	VERB	V-	Aspect=Perf|Mood=Ind|Number=Plur|Person=3|Tense=Past|VerbForm=Fin|Voice=Act	ἀποθνῄσκω	acl	577
IV	586	ὑπὸ	ADP	R-		ὑπό	case	587
IV	587	Ῥωμαίων	ADJ	A-	Case=Gen|Degree=Pos|Gender=Masc|Number=Plur	Ῥωμαῖος	obl:agent	585
IV	588	,	PUNCT	Z		,	ROOT	588
IV	589	καὶ	CCONJ	C-		καί	cc	588
IV	590	κτήματα	NOUN	Nb	Case=Acc|Gender=Neut|Number=Plur	κτῆμα	obj	593
IV	591	καὶ	CCONJ	C-		καί	cc	590
IV	592	χρήματα	NOUN	Nb	Case=Acc|Gender=Neut|Number=Plur	χρῆμα	conj	590
IV	593	ἀφῃρημένοι	VERB	V-	Aspect=Perf|Case=Nom|Gender=Masc|Number=Plur|Tense=Past|VerbForm=Part|Voice=Pass	ἀφαιρέω	advcl	594
IV	594	χρῄζουσι	VERB	V-	Mood=Ind|Number=Plur|Person=3|Tense=Pres|VerbForm=Fin|Voice=Act	χρῄζω	conj	588
IV	595	παραμυθίας	NOUN	Nb	Case=Gen|Gender=Fem|Number=Sing	παραμυθία	iobj	594
IV	596	·	PUNCT	Z		·	punct	594
IV	597	φύσει	NOUN	Nb	Case=Dat|Gender=Fem|Number=Sing	φύσις	obl	599
IV	598	δὲ	ADV	Df		δέ	discourse	599
IV	599	γαῦρον	ADJ	A-	Case=Nom|Degree=Pos|Gender=Neut|Number=Sing	γαῦρος	ROOT	599
IV	600	ὁ	DET	S-	Case=Nom|Definite=Def|Gender=Masc|Number=Sing|PronType=Dem	ὁ	det	601
IV	601	νενικηκώς	VERB	V-	Aspect=Perf|Case=Nom|Gender=Masc|Number=Sing|Tense=Past|VerbForm=Part|Voice=Act	νικάω	nsubj	599
IV	602	,	PUNCT	Z		,	dep	599
IV	603	καὶ	CCONJ	C-		καί	ROOT	603
IV	604	τὰ	DET	S-	Case=Acc|Definite=Def|Gender=Neut|Number=Plur|PronType=Dem	ὁ	det	605
IV	605	κέρδη	NOUN	Nb	Case=Acc|Gender=Neut|Number=Plur	κέρδος	obj	606
IV	606	περιβλέπονται	VERB	V-	Mood=Ind|Number=Plur|Person=3|Tense=Pres|VerbForm=Fin|Voice=Mid	περιβλέπω	ROOT	606
IV	607	.	PUNCT	Z		.	punct	606
IV	608	τίς	PRON	Pi	Case=Nom|Gender=Masc|Number=Sing|PronType=Int	τίς	nsubj	610
IV	609	οὖν	ADV	Df		οὖν	discourse	610
IV	610	ἀνέξεταί	VERB	V-	Mood=Ind|Number=Sing|Person=3|Tense=Fut|VerbForm=Fin|Voice=Mid	ἀνέξομαι	ROOT	610
IV	611	μου	PRON	Pp	Case=Gen|Gender=Masc|Number=Sing|Person=1|PronType=Prs	ἐγώ	iobj	610
IV	612	τούσδε	ADJ	Pd	Case=Acc|Gender=Masc|Number=Plur	ὅδε	nsubj	614
IV	613	μὴ	ADV	Df	Polarity=Neg	μή	advmod	614
IV	614	κτείνειν	VERB	V-	Tense=Pres|VerbForm=Inf|Voice=Act	κτείνω	xcomp	610
IV	615	μηδὲ	CCONJ	C-		μηδέ	cc	614
IV	616	πωλεῖν	VERB	V-	Tense=Pres|VerbForm=Inf|Voice=Act	πωλέω	conj	614
IV	617	μηδὲ	CCONJ	C-		μηδέ	cc	614
IV	618	ζημιοῦν	VERB	V-	Tense=Pres|VerbForm=Inf|Voice=Act	ζημιόω	conj	614
IV	619	,	PUNCT	Z		,	appos	608
IV	620	ἀλλʼ	CCONJ	C-		ἀλλά	cc	619
IV	621	ὡς	ADV	Df		ὡς	advmod	624
IV	622	εὐεργέτας	NOUN	Nb	Case=Acc|Gender=Masc|Number=Plur	εὐεργέτης	obj	621
IV	623	ἀπαθεῖς	ADJ	A-	Case=Acc|Degree=Pos|Gender=Masc|Number=Plur	ἀπαθής	advmod	624
IV	624	προπέμπειν	VERB	V-	Tense=Pres|VerbForm=Inf|Voice=Act	προπέμπω	conj	619
IV	625	;	PUNCT	Z		;	punct	610
IV	626	διὰ	ADP	R-		διά	case	629
IV	627	μὲν	ADV	Df		μέν	discourse	630
IV	628	δὴ	ADV	Df		δή	discourse	630
IV	629	ταῦτα	ADJ	Pd	Case=Acc|Gender=Neut|Number=Plur	οὗτος	obl	630
IV	630	παρῶμεν	VERB	V-	Aspect=Perf|Mood=Sub|Number=Plur|Person=1|Tense=Past|VerbForm=Fin|Voice=Act	παρίημι	ROOT	630
IV	631	τὰς	DET	S-	Case=Acc|Definite=Def|Gender=Fem|Number=Plur|PronType=Dem	ὁ	det	632
IV	632	ὑπερβολάς	NOUN	Nb	Case=Acc|Gender=Fem|Number=Plur	ὑπερβολή	obj	630
IV	633	,	PUNCT	Z		,	punct	630
IV	634	ἐπεὶ	SCONJ	G-		ἐπεί	mark	638
IV	635	τῆς	PRON	Pp	Case=Gen|Gender=Fem|Number=Sing|Person=3|PronType=Prs	ὁ	iobj	638
IV	636	μὲν	ADV	Df		μέν	discourse	635
IV	637	οὐ	ADV	Df	Polarity=Neg	οὐ	advmod	638
IV	638	κύριος	NOUN	Nb	Case=Nom|Gender=Masc|Number=Sing	κύριος	ROOT	638
IV	639	ἐγώ	PRON	Pp	Case=Nom|Gender=Masc|Number=Sing|Person=1|PronType=Prs	ἐγώ	nsubj	638
IV	640	,	PUNCT	Z		,	cop	638
IV	641	τῆς	DET	S-	Case=Gen|Definite=Def|Gender=Fem|Number=Sing|PronType=Dem	ὁ	det	643
IV	642	δʼ	ADV	Df		δέ	discourse	645
IV	643	ἀπανθρωποτέρας	ADJ	A-	Case=Gen|Degree=Pos|Gender=Fem|Number=Sing	ἀπανθρωποτέρα	iobj	645
IV	644	οὐκ	ADV	Df	Polarity=Neg	οὐ	advmod	645
IV	645	ἀνέχομαι	VERB	V-	Mood=Ind|Number=Sing|Person=1|Tense=Pres|VerbForm=Fin|Voice=Mid	ἀνέχω	conj	638
IV	646	·	PUNCT	Z		·	punct	638
IV	647	ὡς	SCONJ	G-		ὡς	mark	655
IV	648	δʼ	ADV	Df		δέ	discourse	663
IV	649	ἂν	ADV	Df		ἄν	advmod	655
IV	650	καὶ	ADV	Df		καί	advmod	655
IV	651	Ῥωμαίων	ADJ	A-	Case=Gen|Degree=Pos|Gender=Masc|Number=Plur	Ῥωμαῖος	nmod	652
IV	652	τι	ADJ	Px	Case=Acc|Gender=Neut|Number=Sing	τίς	obl	655
IV	653	τοῦ	DET	S-	Case=Gen|Definite=Def|Gender=Masc,Neut|Number=Sing|PronType=Dem	ὁ	det	654
IV	654	φρονήματος	NOUN	Nb	Case=Gen|Gender=Neut|Number=Sing	φρόνημα	nmod	652
IV	655	περιέλοιμι	VERB	V-	Aspect=Perf|Mood=Opt|Number=Sing|Person=1|Tense=Past|VerbForm=Fin|Voice=Act	περιέλω	advcl	663
IV	656	καὶ	CCONJ	C-		καί	cc	655
IV	657	τὰ	DET	S-	Case=Acc|Definite=Def|Gender=Neut|Number=Plur|PronType=Dem	ὁ	det	660
IV	658	πρὸς	ADP	R-		πρός	case	660
IV	659	τοὺς	DET	S-	Case=Acc|Definite=Def|Gender=Masc|Number=Plur|PronType=Dem	ὁ	det	660
IV	660	ἄλλους	ADJ	Px	Case=Acc|Gender=Masc|Number=Plur	ἄλλος	obl	661
IV	661	ἀδιάβλητος	ADJ	A-	Case=Nom|Degree=Pos|Gender=Fem,Masc|Number=Sing	ἀδιάβλητος	conj	655
IV	662	εἴην	AUX	V-	Mood=Opt|Number=Sing|Person=1|Tense=Pres|VerbForm=Fin|Voice=Act	εἰμί	cop	661
IV	663	,	PUNCT	Z		,	ROOT	663
IV	664	ὅπλα	NOUN	Nb	Case=Acc|Gender=Neut|Number=Plur	ὅπλον	nsubj	667
IV	665	μὲν	ADV	Df		μέν	discourse	664
IV	666	αὐτούς	PRON	Pp	Case=Acc|Gender=Masc|Number=Plur|Person=3|PronType=Prs	αὐτός	det	664
IV	667	,	PUNCT	Z		,	ROOT	667
IV	668	οἷς	PRON	Pr	Case=Dat|Gender=Neut|Number=Plur|PronType=Rel	ὅς	iobj	669
IV	669	ἐχρήσαντο	VERB	V-	Aspect=Perf|Mood=Ind|Number=Plur|Person=3|Tense=Past|VerbForm=Fin|Voice=Mid	χράω	acl	667
IV	670	ἀεὶ	ADV	Df		ἀεί	advmod	669
IV	671	καθʼ	ADP	R-		κατά	case	672
IV	672	ἡμῶν	PRON	Pp	Case=Gen|Gender=Masc|Number=Plur|Person=1|PronType=Prs	ἡμεῖς	obl	669
IV	673	,	PUNCT	Z		,	punct	667
IV	674	ἀφαιρήσομαι	VERB	V-	Mood=Ind|Number=Sing|Person=1|Tense=Fut|VerbForm=Fin|Voice=Mid	ἀφαιρήσω	ROOT	674
IV	675	καὶ	CCONJ	C-		καί	cc	674
IV	676	χρήματα	NOUN	Nb	Case=Acc|Gender=Neut|Number=Plur	χρῆμα	conj	674
IV	677	(	PUNCT	Z		(	punct	674
IV	678	καὶ	ADV	Df		καί	advmod	681
IV	679	γὰρ	ADV	Df		γάρ	discourse	681
IV	680	ταῦτα	ADJ	Pd	Case=Acc|Gender=Neut|Number=Plur	οὗτος	obj	681
IV	681	ἔχουσι	VERB	V-	Mood=Ind|Number=Plur|Person=3|Tense=Pres|VerbForm=Fin|Voice=Act	ἔχω	ROOT	681
IV	682	παρʼ	ADP	R-		παρά	case	683
IV	683	ἡμῶν	PRON	Pp	Case=Gen|Gender=Masc|Number=Plur|Person=1|PronType=Prs	ἡμεῖς	obl	681
IV	684	)	ADV	Z		)	discourse	681
IV	685	,	PUNCT	Z		,	punct	681
IV	686	ἐκπέμψω	VERB	V-	Mood=Ind|Number=Sing|Person=1|Tense=Fut|VerbForm=Fin|Voice=Act	ἐκπέμπω	ROOT	686
IV	687	δʼ	ADV	Df		δέ	discourse	686
IV	688	ὑπὸ	ADP	R-		ὑπό	case	689
IV	689	ζυγὸν	NOUN	Nb	Case=Acc|Gender=Masc|Number=Sing	ζυγόν	obl	686
IV	690	σώους	ADJ	A-	Case=Acc|Degree=Pos|Gender=Masc|Number=Plur	σῶς	obj	686
IV	691	,	PUNCT	Z		,	advcl	686
IV	692	ᾗ	PRON	Pr	Case=Dat|Gender=Fem|Number=Sing|PronType=Rel	ὅς	iobj	699
IV	693	τινὶ	PRON	Pi	Case=Dat|Number=Sing|PronType=Int	τίς	det	694
IV	694	αἰσχύνῃ	NOUN	Nb	Case=Dat|Gender=Fem|Number=Sing	αἰσχύνη	iobj	699
IV	695	καὶ	ADV	Df		καί	advmod	696
IV	696	αὐτοὶ	ADJ	Pd	Case=Nom|Gender=Masc|Number=Plur	αὐτός	nsubj	699
IV	697	κατʼ	ADP	R-		κατά	case	698
IV	698	ἄλλων	ADJ	A-	Case=Gen|Degree=Pos|Gender=Masc|Number=Plur	ἄλλος	obl	699
IV	699	ἐχρήσαντο	VERB	V-	Aspect=Perf|Mood=Ind|Number=Plur|Person=3|Tense=Past|VerbForm=Fin|Voice=Mid	χράω	obj	686
IV	700	,	PUNCT	Z		,	punct	686
IV	701	καὶ	CCONJ	C-		καί	cc	706
IV	702	εἰρήνην	NOUN	Nb	Case=Acc|Gender=Fem|Number=Sing	εἰρήνη	nsubj	706
IV	703	εἶναι	AUX	V-	Tense=Pres|VerbForm=Inf|Voice=Act	εἰμί	dep	706
IV	704	τοῖς	DET	S-	Case=Dat|Definite=Def|Gender=Masc,Neut|Number=Plur|PronType=Dem	ὁ	det	705
IV	705	ἔθνεσι	NOUN	Nb	Case=Dat|Gender=Neut|Number=Plur	ἔθνος	iobj	706
IV	706	συνθήσομαι	VERB	V-	Mood=Ind|Number=Sing|Person=1|Tense=Fut|VerbForm=Fin|Voice=Mid	συνθήσω	ROOT	706
IV	707	,	PUNCT	Z		,	punct	706
IV	708	τῶν	DET	S-	Case=Gen|Definite=Def|Gender=Masc|Number=Plur|PronType=Dem	ὁ	det	709
IV	709	τε	CCONJ	C-		τε	cc	711
IV	710	ἱππέων	NOUN	Nb	Case=Gen|Gender=Masc|Number=Plur	ἱππεύς	nmod	713
IV	711	ἐπιλέξομαι	VERB	V-	Mood=Ind|Number=Sing|Person=1|Tense=Fut|VerbForm=Fin|Voice=Mid	ἐπιλέξω	ROOT	711
IV	712	τοὺς	DET	S-	Case=Acc|Definite=Def|Gender=Masc|Number=Plur|PronType=Dem	ὁ	det	713
IV	713	ἐπιφανεστάτους	ADJ	A-	Case=Acc|Degree=Sup|Gender=Masc|Number=Plur	ἐπιφανής	obj	711
IV	714	ὅμηρα	NOUN	Nb	Case=Acc|Gender=Neut|Number=Plur	ὅμηρος	obj	711
IV	715	τῶνδε	DET	Pd	Case=Gen|Gender=Fem|Number=Plur	ὅδε	det	717
IV	716	τῶν	DET	S-	Case=Gen|Definite=Def|Number=Plur|PronType=Dem	ὁ	det	717
IV	717	συνθηκῶν	NOUN	Nb	Case=Gen|Gender=Fem|Number=Plur	συνθήκη	nmod	714
IV	718	,	PUNCT	Z		,	iobj	711
IV	719	ἕως	SCONJ	G-		ἕως	mark	723
IV	720	ἅπας	ADJ	A-	Case=Nom|Degree=Pos|Gender=Masc|Number=Sing	ἅπας	amod	722
IV	721	ὁ	DET	S-	Case=Nom|Definite=Def|Gender=Masc|Number=Sing|PronType=Dem	ὁ	det	722
IV	722	δῆμος	NOUN	Nb	Case=Nom|Gender=Masc|Number=Sing	δῆμος	nsubj	723
IV	723	ἐπιψηφίσῃ	VERB	V-	Aspect=Perf|Mood=Sub|Number=Sing|Person=3|Tense=Past|VerbForm=Fin|Voice=Act	ἐπιψηφίζω	advcl	718
IV	724	.	PUNCT	Z		.	punct	711
IV	725	καὶ	CCONJ	C-		καί	cc	728
IV	726	τάδε	ADJ	Pd	Case=Acc|Gender=Neut|Number=Plur	ὅδε	obj	727
IV	727	ποιῶν	VERB	V-	Case=Nom|Gender=Masc|Number=Sing|Tense=Pres|VerbForm=Part|Voice=Act	ποιέω	advcl	728
IV	728	ἡγοῦμαι	VERB	V-	Mood=Ind|Number=Sing|Person=1|Tense=Pres|VerbForm=Fin|Voice=Mid	ἡγέομαι	ROOT	728
IV	729	νενικηκότος	VERB	V-	Aspect=Perf|Case=Gen|Gender=Masc|Number=Sing|Tense=Past|VerbForm=Part|Voice=Act	νικάω	advcl	732
IV	730	τε	CCONJ	C-		τε	cc	729
IV	731	ἔργα	NOUN	Nb	Case=Acc|Gender=Neut|Number=Plur	ἔργον	obj	732
IV	732	ποιήσειν	VERB	V-	Tense=Fut|VerbForm=Inf|Voice=Act	ποιέω	ccomp	728
IV	733	καὶ	CCONJ	C-		καί	cc	731
IV	734	φιλανθρώπου	ADJ	A-	Case=Gen|Degree=Pos|Gender=Masc|Number=Sing	φιλάνθρωπος	dep	732
IV	735	,	PUNCT	Z		,	punct	728
IV	736	Ῥωμαίους	ADJ	A-	Case=Acc|Degree=Pos|Gender=Masc|Number=Plur	Ῥωμαῖος	nsubj	738
IV	737	τε	CCONJ	C-		τε	cc	736
IV	738	ἀγαπήσειν	VERB	V-	Tense=Fut|VerbForm=Inf|Voice=Act	ἀγαπάω	ROOT	738
IV	739	ὅσα	PRON	Pr	Case=Acc|Gender=Neut|Number=Plur|PronType=Rel	ὅσος	orphan	741
IV	740	καὶ	ADV	Df		καί	advmod	741
IV	741	αὐτοί	ADJ	Pd	Case=Nom|Gender=Masc|Number=Plur	αὐτός	nsubj	738
IV	742	,	PUNCT	Z		,	obl	738
IV	743	φάσκοντες	VERB	V-	Case=Nom|Gender=Masc|Number=Plur|Tense=Pres|VerbForm=Part|Voice=Act	φάσκω	advcl	750
IV	744	ἀρετῆς	NOUN	Nb	Case=Gen|Gender=Fem|Number=Sing	ἀρετή	iobj	745
IV	745	ἀντιποιεῖσθαι	VERB	V-	Tense=Pres|VerbForm=Inf|Voice=Mid	ἀντιποιέω	xcomp	743
IV	746	,	PUNCT	Z		,	advmod	750
IV	747	πολλάκις	ADV	Df		πολλάκις	advmod	750
IV	748	ἐς	ADP	R-		εἰς	case	749
IV	749	ἄλλους	ADJ	Px	Case=Acc|Gender=Masc|Number=Plur	ἄλλος	obl	750
IV	750	ἔδρασαν	VERB	V-	Aspect=Perf|Mood=Ind|Number=Plur|Person=3|Tense=Past|VerbForm=Fin|Voice=Act	δράω	ROOT	750
IV	751	.	PUNCT	Z		.	punct	750
IV	752	ταῦτα	ADJ	Pd	Case=Acc|Gender=Neut|Number=Plur	οὗτος	obj	755
IV	753	τοῦ	DET	S-	Case=Gen|Definite=Def|Gender=Masc|Number=Sing|PronType=Dem	ὁ	det	754
IV	754	Ποντίου	PROPN	Ne	Case=Gen|Gender=Masc|Number=Sing	Πόντιος	nsubj	755
IV	755	λέγοντος	VERB	V-	Case=Gen|Gender=Masc|Number=Sing|Tense=Pres|VerbForm=Part|Voice=Act	λέγω	advcl	758
IV	756	ὁ	DET	S-	Case=Nom|Definite=Def|Gender=Masc|Number=Sing|PronType=Dem	ὁ	det	757
IV	757	πρεσβύτης	NOUN	Nb	Case=Nom|Gender=Masc|Number=Sing	πρεσβύτης	nsubj	758
IV	758	ἐδάκρυσέ	VERB	V-	Aspect=Perf|Mood=Ind|Number=Sing|Person=3|Tense=Past|VerbForm=Fin|Voice=Act	δακρύω	ROOT	758
IV	759	τε	CCONJ	C-		τε	cc	758
IV	760	,	PUNCT	Z		,	dep	758
IV	761	καὶ	CCONJ	C-		καί	cc	758
IV	762	ἐπιβὰς	VERB	V-	Aspect=Perf|Case=Nom|Gender=Masc|Number=Sing|Tense=Past|VerbForm=Part|Voice=Act	ἐπιβαίνω	advcl	768
IV	763	τῆς	DET	S-	Case=Gen|Definite=Def|Gender=Fem|Number=Sing|PronType=Dem	ὁ	det	764
IV	764	ἀπήνης	NOUN	Nb	Case=Gen|Gender=Fem|Number=Sing	ἀπήνη	iobj	762
IV	765	ἐς	ADP	R-		εἰς	case	767
IV	766	τὸ	DET	S-	Case=Acc|Definite=Def|Gender=Neut|Number=Sing|PronType=Dem	ὁ	det	767
IV	767	Καύδιον	PROPN	Ne	Case=Acc|Gender=Neut|Number=Sing	Καύδιον	obl	762
IV	768	ἀπήλαυνεν	VERB	V-	Aspect=Imp|Mood=Ind|Number=Sing|Person=3|Tense=Past|VerbForm=Fin|Voice=Act	ἀπελαύνω	conj	758
IV	769	.	PUNCT	Z		.	punct	758
IV	770	ὁ	DET	S-	Case=Nom|Definite=Def|Gender=Masc|Number=Sing|PronType=Dem	ὁ	det	772
IV	771	δὲ	ADV	Df		δέ	discourse	776
IV	772	Πόντιος	PROPN	Ne	Case=Nom|Gender=Masc|Number=Sing	Πόντιος	nsubj	776
IV	773	τοὺς	DET	S-	Case=Acc|Definite=Def|Gender=Masc|Number=Plur|PronType=Dem	ὁ	det	774
IV	774	πρέσβεις	NOUN	Nb	Case=Acc|Gender=Masc|Number=Plur	πρέσβυς	obj	775
IV	775	καλέσας	VERB	V-	Aspect=Perf|Case=Nom|Gender=Masc|Number=Sing|Tense=Past|VerbForm=Part|Voice=Act	καλέω	advcl	776
IV	776	ἤρετο	VERB	V-	Aspect=Imp|Mood=Ind|Number=Sing|Person=3|Tense=Past|VerbForm=Fin|Voice=Act	ἔρομαι	ROOT	776
IV	777	εἴ	SCONJ	G-		εἰ	mark	781
IV	778	τις	ADJ	Px	Case=Nom|Gender=Masc|Number=Sing	τίς	det	779
IV	779	εἰρηνοδίκης	NOUN	Nb	Case=Nom|Gender=Masc|Number=Sing	εἰρηνοδίκη	nsubj	781
IV	780	αὐτοῖς	PRON	Pp	Case=Dat|Gender=Masc|Number=Plur|Person=3|PronType=Prs	αὐτός	iobj	781
IV	781	παρείη	VERB	V-	Mood=Opt|Number=Sing|Person=3|Tense=Pres|VerbForm=Fin|Voice=Act	πάρειμι	ccomp	776
IV	782	.	PUNCT	Z		.	punct	776
IV	783	τοῖς	PRON	Pp	Case=Dat|Gender=Masc|Number=Plur|Person=3|PronType=Prs	ὁ	iobj	785
IV	784	δὲ	ADV	Df		δέ	discourse	785
IV	785	παρῆν	VERB	V-	Aspect=Imp|Mood=Ind|Number=Sing|Person=3|Tense=Past|VerbForm=Fin|Voice=Act	πάρειμι	ROOT	785
IV	786	οὐδεὶς	ADJ	Px	Case=Nom|Gender=Masc|Number=Sing	οὐδείς	nsubj	785
IV	787	ὡς	ADV	Df		ὡς	advmod	793
IV	788	ἐπὶ	ADP	R-		ἐπί	case	792
IV	789	ἄσπονδον	ADJ	A-	Case=Acc|Degree=Pos|Gender=Masc|Number=Sing	ἄσπονδος	amod	792
IV	790	καὶ	CCONJ	C-		καί	cc	789
IV	791	ἀκήρυκτον	ADJ	A-	Case=Acc|Degree=Pos|Gender=Masc|Number=Sing	ἀκήρυκτος	conj	789
IV	792	πόλεμον	NOUN	Nb	Case=Acc|Gender=Masc|Number=Sing	πόλεμος	obl	793
IV	793	ἐστρατευκόσι	VERB	V-	Aspect=Perf|Case=Dat|Gender=Masc|Number=Plur|Tense=Past|VerbForm=Part|Voice=Act	ἐστρατευκόσι	advcl	785
IV	794	.	PUNCT	Z		.	punct	785
IV	795	τοῖς	DET	S-	Case=Dat|Definite=Def|Gender=Masc|Number=Plur|PronType=Dem	ὁ	det	797
IV	796	οὖν	ADV	Df		οὖν	discourse	809
IV	797	ὑπάτοις	NOUN	Nb	Case=Dat|Gender=Masc|Number=Plur	ὕπατος	iobj	809
IV	798	καὶ	CCONJ	C-		καί	cc	797
IV	799	τοῖς	DET	S-	Case=Dat|Definite=Def|Gender=Masc|Number=Plur|PronType=Dem	ὁ	det	801
IV	800	ἄλλοις	ADJ	A-	Case=Dat|Degree=Pos|Gender=Masc|Number=Plur	ἄλλος	amod	801
IV	801	ἄρχουσι	NOUN	Nb	Case=Dat|Gender=Masc|Number=Plur	ἄρχω	conj	797
IV	802	τῆς	DET	S-	Case=Gen|Definite=Def|Gender=Fem|Number=Sing|PronType=Dem	ὁ	det	803
IV	803	στρατιᾶς	NOUN	Nb	Case=Gen|Gender=Fem|Number=Sing	στρατιά	nmod	801
IV	804	καὶ	CCONJ	C-		καί	cc	797
IV	805	παντὶ	DET	Px	Case=Dat|Gender=Masc|Number=Sing	πᾶς	det	807
IV	806	τῷ	DET	S-	Case=Dat|Definite=Def|Gender=Masc,Neut|Number=Sing|PronType=Dem	ὁ	det	807
IV	807	πλήθει	NOUN	Nb	Case=Dat|Gender=Neut|Number=Sing	πλῆθος	conj	797
IV	808	λέγειν	VERB	V-	Tense=Pres|VerbForm=Inf|Voice=Act	λέγω	xcomp	809
IV	809	ἐκέλευε	VERB	V-	Aspect=Imp|Mood=Ind|Number=Sing|Person=3|Tense=Past|VerbForm=Fin|Voice=Act	κελεύω	ROOT	809
IV	810	τοὺς	DET	S-	Case=Acc|Definite=Def|Gender=Masc|Number=Plur|PronType=Dem	ὁ	det	811
IV	811	πρέσβεις	NOUN	Nb	Case=Acc|Gender=Masc|Number=Plur	πρέσβυς	dep	809
IV	812	,	PUNCT	Z		,	dep	809
IV	813	ἡμεῖς	PRON	Pp	Case=Nom|Gender=Masc|Number=Plur|Person=1|PronType=Prs	ἡμεῖς	nsubj	816
IV	814	ἀεὶ	ADV	Df		ἀεί	advmod	816
IV	815	Ῥωμαίοις	ADJ	A-	Case=Dat|Degree=Pos|Gender=Masc|Number=Plur	Ῥωμαῖος	iobj	816
IV	816	ἐσπενδόμεθα	VERB	V-	Aspect=Perf|Mood=Ind|Number=Plur|Person=1|Tense=Past|VerbForm=Fin|Voice=Mid	ἐσπενδόμεθα	dep	809
IV	817	φιλίαν	NOUN	Nb	Case=Acc|Gender=Fem|Number=Sing	φιλία	obj	816
IV	818	,	PUNCT	Z		,	dep	809
IV	819	ἣν	PRON	Pr	Case=Acc|Gender=Fem|Number=Sing|PronType=Rel	ὅς	obj	821
IV	820	αὐτοὶ	ADJ	Pd	Case=Nom|Gender=Masc|Number=Plur	αὐτός	nsubj	821
IV	821	διελύσατε	VERB	V-	Aspect=Perf|Mood=Ind|Number=Plur|Person=2|Tense=Past|VerbForm=Fin|Voice=Act	διελύσατος	acl	818
IV	822	,	PUNCT	Z		,	dep	809
IV	823	Σιδικηνοῖς	ADJ	A-	Case=Dat|Degree=Pos|Gender=Masc|Number=Plur	Σιδικηνός	iobj	827
IV	824	τοῖς	DET	S-	Case=Dat|Definite=Def|Gender=Masc|Number=Plur|PronType=Dem	ὁ	det	826
IV	825	ἡμετέροις	ADJ	Ps	Case=Dat|Gender=Masc,Neut|Number=Plur|Person=1|Poss=Yes	ἡμέτερος	nmod	826
IV	826	ἐχθροῖς	ADJ	A-	Case=Dat|Degree=Pos|Gender=Masc|Number=Plur	ἐχθρός	appos	823
IV	827	συμμαχοῦντες	VERB	V-	Case=Nom|Gender=Masc|Number=Plur|Tense=Pres|VerbForm=Part|Voice=Act	συμμαχέω	advcl	809
IV	828	.	PUNCT	Z		.	punct	809
IV	829	εἶτʼ	CCONJ	C-		εἶτα	cc	835
IV	830	αὖθις	ADV	Df		αὖθις	advmod	835
IV	831	αὖ	ADV	Df		αὗ	discourse	835
IV	832	φιλίας	NOUN	Nb	Case=Gen|Gender=Fem|Number=Sing	φιλία	xcomp	834
IV	833	ἡμῖν	PRON	Pp	Case=Dat|Gender=Masc|Number=Plur|Person=1|PronType=Prs	ἡμεῖς	iobj	834
IV	834	γενομένης	VERB	V-	Aspect=Perf|Case=Gen|Gender=Fem|Number=Sing|Tense=Past|VerbForm=Part|Voice=Mid	γίγνομαι	advcl	835
IV	835	,	PUNCT	Z		,	advcl	837
IV	836	Νεαπολίταις	ADJ	A-	Case=Dat|Degree=Pos|Gender=Masc|Number=Plur	Νεαπολίται	iobj	837
IV	837	ἐπολεμεῖτε	VERB	V-	Aspect=Imp|Mood=Ind|Number=Plur|Person=2|Tense=Past|VerbForm=Fin|Voice=Act	ἐπολεμέω	ROOT	837
IV	838	τοῖς	DET	S-	Case=Dat|Definite=Def|Gender=Masc,Neut|Number=Plur|PronType=Dem	ὁ	det	840
IV	839	ἡμετέροις	ADJ	Ps	Case=Dat|Gender=Masc,Neut|Number=Plur|Person=1|Poss=Yes	ἡμέτερος	nmod	840
IV	840	γείτοσιν	ADJ	A-	Case=Dat|Degree=Pos|Gender=Masc|Number=Plur	γείτων	iobj	837
IV	841	.	PUNCT	Z		.	punct	837
IV	842	καὶ	CCONJ	C-		καί	cc	844
IV	843	οὐκ	ADV	Df	Polarity=Neg	οὐ	advmod	844
IV	844	ἠγνοοῦμεν	VERB	V-	Aspect=Imp|Mood=Ind|Number=Plur|Person=1|Tense=Past|VerbForm=Fin|Voice=Act	ἠγνοοῦ	ROOT	844
IV	845	ὅτι	SCONJ	G-		ὅτι	mark	848
IV	846	ταῦτʼ	ADJ	Pd	Case=Nom|Gender=Neut|Number=Plur	οὗτος	nsubj	848
IV	847	ἦν	AUX	V-	Aspect=Imp|Mood=Ind|Number=Sing|Person=3|Tense=Past|VerbForm=Fin|Voice=Act	εἰμί	cop	848
IV	848	ὑμῖν	PRON	Pp	Case=Dat|Gender=Masc|Number=Plur|Person=2|PronType=Prs	ὑμεῖς	obl	849
IV	849	παρασκευὴ	NOUN	Nb	Case=Nom|Gender=Fem|Number=Sing	παρασκευή	xcomp	844
IV	850	πλεονεξίας	NOUN	Nb	Case=Gen|Gender=Fem|Number=Sing	πλεονεξία	nmod	849
IV	851	ἐπὶ	ADP	R-		ἐπί	case	854
IV	852	ὅλην	ADJ	A-	Case=Acc|Degree=Pos|Gender=Fem|Number=Sing	ὅλος	amod	854
IV	853	τὴν	DET	S-	Case=Acc|Definite=Def|Gender=Fem|Number=Sing|PronType=Dem	ὁ	det	854
IV	854	Ἰταλίαν	PROPN	Ne	Case=Acc|Gender=Fem|Number=Sing	Ἰταλία	nmod	849
IV	855	.	PUNCT	Z		.	punct	844
IV	856	ἔν	ADP	R-		ἐν	case	860
IV	857	τε	CCONJ	C-		τε	cc	870
IV	858	ταῖς	DET	S-	Case=Dat|Definite=Def|Gender=Fem|Number=Plur|PronType=Dem	ὁ	det	860
IV	859	προτέραις	ADJ	A-	Case=Dat|Degree=Pos|Gender=Fem|Number=Plur	πρότερος	amod	860
IV	860	μάχαις	NOUN	Nb	Case=Dat|Gender=Fem|Number=Plur	μάχη	obl	870
IV	861	πολλὰ	ADJ	A-	Case=Acc|Degree=Pos|Gender=Neut|Number=Plur	πολύς	amod	871
IV	862	παρὰ	ADP	R-		παρά	case	864
IV	863	τὴν	DET	S-	Case=Acc|Definite=Def|Gender=Fem|Number=Sing|PronType=Dem	ὁ	det	864
IV	864	ἀπειρίαν	NOUN	Nb	Case=Acc|Gender=Fem|Number=Sing	ἀπειρία	obl	870
IV	865	τῶν	DET	S-	Case=Gen|Definite=Def|Gender=Masc|Number=Plur|PronType=Dem	ὁ	det	867
IV	866	ἡμετέρων	ADJ	Ps	Case=Gen|Gender=Masc|Number=Plur|Person=1|Poss=Yes	ἡμέτερος	nmod	867
IV	867	στρατηγῶν	NOUN	Nb	Case=Gen|Gender=Masc|Number=Plur	στρατηγός	nmod	864
IV	868	προλαβόντες	VERB	V-	Aspect=Perf|Case=Nom|Gender=Masc|Number=Plur|Tense=Past|VerbForm=Part|Voice=Act	προλαμβάνω	advcl	870
IV	869	οὐδὲν	DET	Px	Case=Acc|Gender=Neut|Number=Sing	οὐδείς	det	871
IV	870	ἐπεδείξασθε	VERB	V-	Aspect=Perf|Mood=Ind|Number=Plur|Person=2|Tense=Past|VerbForm=Fin|Voice=Mid	ἐπεδείξασθε	ROOT	870
IV	871	μέτριον	ADJ	A-	Case=Acc|Degree=Pos|Gender=Neut|Number=Sing	μέτριος	obj	870
IV	872	ἐς	ADP	R-		εἰς	case	873
IV	873	ἡμᾶς	PRON	Pp	Case=Acc|Gender=Masc|Number=Plur|Person=1|PronType=Prs	ἡμεῖς	obl	870
IV	874	,	PUNCT	Z		,	acl	871
IV	875	οὐδʼ	CCONJ	C-		οὐδέ	cc	870
IV	876	ἠρκεῖσθε	VERB	V-	Aspect=Imp|Mood=Ind|Number=Plur|Person=2|Tense=Past|VerbForm=Fin|Voice=Mid	ἐρκεῖμαι	conj	870
IV	877	τὴν	DET	S-	Case=Acc|Definite=Def|Gender=Fem|Number=Sing|PronType=Dem	ὁ	det	878
IV	878	χώραν	NOUN	Nb	Case=Acc|Gender=Fem|Number=Sing	χώρα	obj	879
IV	879	πορθοῦντες	VERB	V-	Case=Nom|Gender=Masc|Number=Plur|Tense=Pres|VerbForm=Part|Voice=Act	πορθέω	advcl	876
IV	880	καὶ	CCONJ	C-		καί	cc	879
IV	881	χωρία	NOUN	Nb	Case=Acc|Gender=Neut|Number=Plur	χωρίον	conj	879
IV	882	καὶ	CCONJ	C-		καί	cc	879
IV	883	πόλεις	NOUN	Nb	Case=Acc|Gender=Fem|Number=Plur	πόλις	obj	884
IV	884	ἔχοντες	VERB	V-	Case=Nom|Gender=Masc|Number=Plur|Tense=Pres|VerbForm=Part|Voice=Act	ἔχω	conj	879
IV	885	ἀλλοτρίας	ADJ	A-	Case=Acc|Degree=Pos|Gender=Fem|Number=Plur	ἀλλότριος	amod	883
IV	886	,	PUNCT	Z		,	advcl	876
IV	887	καὶ	CCONJ	C-		καί	cc	886
IV	888	κληρούχους	NOUN	Nb	Case=Acc|Gender=Masc|Number=Plur	κληροῦχος	obj	891
IV	889	ἐς	ADP	R-		εἰς	case	890
IV	890	αὐτὰ	PRON	Pp	Case=Acc|Gender=Neut|Number=Plur|Person=3|PronType=Prs	αὐτός	obl	891
IV	891	πέμποντες	VERB	V-	Case=Nom|Gender=Masc|Number=Plur|Tense=Pres|VerbForm=Part|Voice=Act	πέμπω	conj	886
IV	892	,	PUNCT	Z		,	appos	871
IV	893	ἀλλὰ	CCONJ	C-		ἀλλά	ROOT	893
IV	894	καὶ	CCONJ	C-		καί	advmod	895
IV	895	πρεσβευσαμένων	VERB	V-	Aspect=Perf|Case=Gen|Gender=Masc|Number=Plur|Tense=Past|VerbForm=Part|Voice=Mid	πρεσβευσαμένω	advcl	900
IV	896	ἡμῶν	PRON	Pp	Case=Gen|Gender=Masc|Number=Plur|Person=1|PronType=Prs	ἡμεῖς	nsubj	895
IV	897	δὶς	ADV	Df		δίς	advmod	895
IV	898	πρὸς	ADP	R-		πρός	case	899
IV	899	ὑμᾶς	PRON	Pp	Case=Acc|Gender=Masc|Number=Plur|Person=2|PronType=Prs	ὑμεῖς	obl	895
IV	900	,	PUNCT	Z		,	ROOT	900
IV	901	καὶ	CCONJ	C-		καί	cc	900
IV	902	πολλὰ	ADJ	A-	Case=Acc|Degree=Pos|Gender=Neut|Number=Plur	πολύς	obj	903
IV	903	συγχωρούντων	VERB	V-	Case=Gen|Gender=Masc|Number=Plur|Tense=Pres|VerbForm=Part|Voice=Act	συγχωρούντω	conj	900
IV	904	,	PUNCT	Z		,	ROOT	904
IV	905	ὑπερήφανα	ADJ	A-	Case=Acc|Degree=Pos|Gender=Neut|Number=Plur	ὑπερήφανος	obj	908
IV	906	ἡμῖν	PRON	Pp	Case=Dat|Gender=Masc|Number=Plur|Person=1|PronType=Prs	ἡμεῖς	iobj	908
IV	907	ἄλλα	DET	Px	Case=Acc|Gender=Neut|Number=Plur	ἄλλος	det	905
IV	908	ἐπετάσσετε	VERB	V-	Aspect=Imp|Mood=Ind|Number=Plur|Person=2|Tense=Past|VerbForm=Fin|Voice=Act	ἐπετάσσω	conj	904
IV	909	,	PUNCT	Z		,	advmod	913
IV	910	τὴν	DET	S-	Case=Acc|Definite=Def|Gender=Fem|Number=Sing|PronType=Dem	ὁ	det	911
IV	911	ἀρχὴν	NOUN	Nb	Case=Acc|Gender=Fem|Number=Sing	ἀρχή	obj	913
IV	912	ὅλην	ADJ	A-	Case=Acc|Degree=Pos|Gender=Fem|Number=Sing	ὅλος	amod	911
IV	913	ἀποθέσθαι	VERB	V-	Aspect=Perf|Tense=Past|VerbForm=Inf|Voice=Mid	ἀποτίθημι	xcomp	908
IV	914	καὶ	CCONJ	C-		καί	cc	913
IV	915	ὑμῶν	PRON	Pp	Case=Gen|Gender=Masc|Number=Plur|Person=2|PronType=Prs	ὑμεῖς	iobj	916
IV	916	ὑπακούειν	VERB	V-	Tense=Pres|VerbForm=Inf|Voice=Act	ὑπακούω	conj	913
IV	917	,	PUNCT	Z		,	dep	908
IV	918	ὥσπερ	ADV	Df		ὥσπερ	advmod	920
IV	919	οὐ	ADV	Df	Polarity=Neg	οὐ	advmod	920
IV	920	σπενδομένους	VERB	V-	Case=Acc|Gender=Masc|Number=Plur|Tense=Pres|VerbForm=Part|Voice=Mid	σπενδομένος	advcl	917
IV	921	ἀλλʼ	CCONJ	C-		ἀλλά	cc	920
IV	922	ἑαλωκότας	VERB	V-	Aspect=Perf|Case=Acc|Gender=Masc|Number=Plur|Tense=Past|VerbForm=Part|Voice=Act	ἁλίσκομαι	conj	920
IV	923	.	PUNCT	Z		.	punct	908
IV	924	καὶ	CCONJ	C-		καί	cc	933
IV	925	ἐπὶ	ADP	R-		ἐπί	case	926
IV	926	τοῖσδε	ADJ	Pd	Case=Dat|Gender=Neut|Number=Plur	ὅδε	obl	933
IV	927	τὸν	DET	S-	Case=Acc|Definite=Def|Gender=Masc|Number=Sing|PronType=Dem	ὁ	det	928
IV	928	πόλεμον	NOUN	Nb	Case=Acc|Gender=Masc|Number=Sing	πόλεμος	obj	933
IV	929	τόνδε	DET	Pd	Case=Acc|Gender=Masc|Number=Sing	ὅδε	det	928
IV	930	ἄσπονδον	ADJ	A-	Case=Acc|Degree=Pos|Gender=Masc|Number=Sing	ἄσπονδος	amod	928
IV	931	καὶ	CCONJ	C-		καί	cc	930
IV	932	ἀκήρυκτον	ADJ	A-	Case=Acc|Degree=Pos|Gender=Masc|Number=Sing	ἀκήρυκτος	conj	930
IV	933	ἐψηφίσασθε	VERB	V-	Aspect=Perf|Mood=Ind|Number=Plur|Person=2|Tense=Past|VerbForm=Fin|Voice=Mid	ψηφίζω	conj	904
IV	934	,	PUNCT	Z		,	ROOT	934
IV	935	κατʼ	ADP	R-		κατά	case	936
IV	936	ἀνδρῶν	NOUN	Nb	Case=Gen|Gender=Masc|Number=Plur	ἀνήρ	obl	934
IV	937	ποτὲ	ADV	Df		ποτε	advmod	938
IV	938	φίλων	ADJ	A-	Case=Gen|Degree=Pos|Number=Plur	φίλος	amod	936
IV	939	,	PUNCT	Z		,	cc	934
IV	940	κατὰ	ADP	R-		κατά	case	941
IV	941	Σαβίνων	PROPN	Ne	Case=Gen|Gender=Masc|Number=Plur	Σαβίνων	conj	934
IV	942	ἐκγόνων	ADJ	A-	Case=Gen|Degree=Pos|Gender=Masc|Number=Plur	ἔκγονος	appos	941
IV	943	τῶν	DET	S-	Case=Gen|Definite=Def|Gender=Masc|Number=Plur|PronType=Dem	ὁ	det	945
IV	944	ὑμῖν	PRON	Pp	Case=Dat|Gender=Masc|Number=Plur|Person=2|PronType=Prs	ὑμεῖς	iobj	945
IV	945	συνοικούντων	VERB	V-	Case=Gen|Gender=Masc|Number=Plur|Tense=Pres|VerbForm=Part|Voice=Act	συνοικέω	nmod	942
IV	946	.	PUNCT	Z		.	punct	934
IV	947	ἕνεκα	ADP	R-		ἕνεκα	case	952
IV	948	μὲν	ADV	Df		μέν	discourse	953
IV	949	οὖν	ADV	Df		οὖν	discourse	953
IV	950	τῆς	DET	S-	Case=Gen|Definite=Def|Gender=Fem|Number=Sing|PronType=Dem	ὁ	det	952
IV	951	ὑμετέρας	ADJ	Ps	Case=Gen|Gender=Fem|Number=Sing|Person=2|Poss=Yes	ὑμέτερος	nmod	952
IV	952	πλεονεξίας	NOUN	Nb	Case=Gen|Gender=Fem|Number=Sing	πλεονεξία	obl	953
IV	953	ἔδει	VERB	V-	Aspect=Imp|Mood=Ind|Number=Sing|Person=3|Tense=Past|VerbForm=Fin|Voice=Act	δεῖ	ROOT	953
IV	954	καὶ	ADV	Df		καί	advmod	957
IV	955	τὰ	DET	S-	Case=Acc|Definite=Def|Gender=Neut|Number=Plur|PronType=Dem	ὁ	det	957
IV	956	παρʼ	ADP	R-		παρά	case	957
IV	957	ἡμῶν	PRON	Pp	Case=Gen|Gender=Masc|Number=Plur|Person=1|PronType=Prs	ἡμεῖς	nsubj	953
IV	958	ὑμῖν	PRON	Pp	Case=Dat|Gender=Masc|Number=Plur|Person=2|PronType=Prs	ὑμεῖς	obl	959
IV	959	ἄσπονδα	ADJ	A-	Case=Acc|Degree=Pos|Gender=Neut|Number=Plur	ἄσπονδα	ccomp	953
IV	960	εἶναι	AUX	V-	Tense=Pres|VerbForm=Inf|Voice=Act	εἰμί	cop	959
IV	961	.	PUNCT	Z		.	punct	953
IV	962	ἐγὼ	PRON	Pp	Case=Nom|Gender=Masc|Number=Sing|Person=1|PronType=Prs	ἐγώ	nsubj	967
IV	963	νέμεσίν	NOUN	Nb	Case=Acc|Gender=Fem|Number=Sing	νέμεσις	obj	966
IV	964	τε	CCONJ	C-		τε	cc	966
IV	965	θεῶν	NOUN	Nb	Case=Gen|Gender=Masc|Number=Plur	θεός	nmod	963
IV	966	αἰδούμενος	VERB	V-	Case=Nom|Gender=Masc|Number=Sing|Tense=Pres|VerbForm=Part|Voice=Act	αἰδέομαι	advcl	967
IV	967	,	PUNCT	Z		,	ROOT	967
IV	968	ἣν	PRON	Pr	Case=Acc|Gender=Fem|Number=Sing|PronType=Rel	ὅς	obj	970
IV	969	ὑμεῖς	PRON	Pp	Case=Nom|Gender=Masc|Number=Plur|Person=2|PronType=Prs	ὑμεῖς	nsubj	970
IV	970	ὑπερείδεσθε	VERB	V-	Aspect=Perf|Mood=Ind|Number=Plur|Person=2|Tense=Past|VerbForm=Fin|Voice=Mid	ὑπερείδεσθε	acl	967
IV	971	,	PUNCT	Z		,	punct	967
IV	972	καὶ	CCONJ	C-		καί	cc	978
IV	973	συγγενείας	NOUN	Nb	Case=Gen|Gender=Fem|Number=Sing	συγγένεια	iobj	978
IV	974	καὶ	CCONJ	C-		καί	cc	973
IV	975	φιλίας	NOUN	Nb	Case=Gen|Gender=Fem|Number=Sing	φιλία	conj	973
IV	976	τῆς	DET	S-	Case=Gen|Definite=Def|Gender=Fem|Number=Sing|PronType=Dem	ὁ	det	975
IV	977	ποτὲ	ADV	Df		ποτε	amod	975
IV	978	μνημονεύων	VERB	V-	Case=Nom|Gender=Masc|Number=Sing|Tense=Pres|VerbForm=Part|Voice=Act	μνημονεύω	advcl	979
IV	979	,	PUNCT	Z		,	iobj	980
IV	980	δίδωμι	VERB	V-	Mood=Ind|Number=Sing|Person=1|Tense=Pres|VerbForm=Fin|Voice=Act	δίδωμι	ROOT	980
IV	981	ἕκαστον	ADJ	A-	Case=Acc|Degree=Pos|Gender=Masc|Number=Sing	ἕκαστος	obj	980
IV	982	ὑμῶν	PRON	Pp	Case=Gen|Gender=Masc|Number=Plur|Person=2|PronType=Prs	ὑμεῖς	nmod	981
IV	983	σὺν	ADP	R-		σύν	case	984
IV	984	ἱματίῳ	NOUN	Nb	Case=Dat|Gender=Neut|Number=Sing	ἱμάτιον	obl	988
IV	985	σῶον	ADJ	A-	Case=Acc|Degree=Pos|Gender=Neut|Number=Sing	σῴζω	advmod	988
IV	986	ὑπὸ	ADP	R-		ὑπό	case	987
IV	987	ζυγὸν	NOUN	Nb	Case=Acc|Gender=Masc|Number=Sing	ζυγόν	obl	988
IV	988	ἀπελθεῖν	VERB	V-	Aspect=Perf|Tense=Past|VerbForm=Inf|Voice=Act	ἀπέρχομαι	ccomp	980
IV	989	,	PUNCT	Z		,	dep	980
IV	990	ἢν	SCONJ	G-		ἐάν	mark	991
IV	991	ὀμόσητε	VERB	V-	Aspect=Perf|Mood=Sub|Number=Plur|Person=2|Tense=Past|VerbForm=Fin|Voice=Act	ὀμόσω	advcl	980
IV	992	τήν	DET	S-	Case=Acc|Definite=Def|Gender=Fem|Number=Sing|PronType=Dem	ὁ	det	994
IV	993	τε	CCONJ	C-		τε	cc	994
IV	994	γῆν	NOUN	Nb	Case=Acc|Gender=Fem|Number=Sing	γῆ	obj	1000
IV	995	καὶ	CCONJ	C-		καί	cc	994
IV	996	τὰ	DET	S-	Case=Acc|Definite=Def|Gender=Neut|Number=Plur|PronType=Dem	ὁ	det	997
IV	997	χωρία	NOUN	Nb	Case=Acc|Gender=Neut|Number=Plur	χωρίον	conj	994
IV	998	πάνθʼ	DET	Px	Case=Acc|Gender=Neut|Number=Plur	πᾶς	det	994
IV	999	ἡμῖν	PRON	Pp	Case=Dat|Gender=Masc|Number=Plur|Person=1|PronType=Prs	ἡμεῖς	iobj	1000
IV	1000	ἀποδώσειν	VERB	V-	Tense=Fut|VerbForm=Inf|Voice=Act	ἀποδίδωμι	ccomp	991
IV	1001	,	PUNCT	Z		,	parataxis	980
IV	1002	καὶ	CCONJ	C-		καί	cc	1001
IV	1003	τοὺς	DET	S-	Case=Acc|Definite=Def|Gender=Masc|Number=Plur|PronType=Dem	ὁ	det	1004
IV	1004	κληρούχους	NOUN	Nb	Case=Acc|Gender=Masc|Number=Plur	κληρούχος	obj	1008
IV	1005	ἀπὸ	ADP	R-		ἀπό	case	1007
IV	1006	τῶν	DET	S-	Case=Gen|Definite=Def|Gender=Fem|Number=Plur|PronType=Dem	ὁ	det	1007
IV	1007	πόλεων	NOUN	Nb	Case=Gen|Gender=Fem|Number=Plur	πόλις	obl	1008
IV	1008	ἀπάξειν	VERB	V-	Tense=Fut|VerbForm=Inf|Voice=Act	ἀπάγω	conj	1001
IV	1009	,	PUNCT	Z		,	dep	980
IV	1010	καὶ	CCONJ	C-		καί	cc	1009
IV	1011	μηδέ	ADV	C-	Polarity=Neg	μηδέ	cc	1015
IV	1012	ποτʼ	ADV	Df		πρός	advmod	1015
IV	1013	ἐπὶ	ADP	R-		ἐπί	case	1014
IV	1014	Σαυνίτας	NOUN	Nb	Case=Acc|Gender=Masc|Number=Plur	Σαυνῖται	obl	1015
IV	1015	στρατεύσειν	VERB	V-	Tense=Fut|VerbForm=Inf|Voice=Act	στρατεύσω	conj	1009
IV	1016	.	PUNCT	Z		.	punct	980
IV	1017	ἀπαγγελθέντων	VERB	V-	Aspect=Perf|Case=Gen|Gender=Neut|Number=Plur|Tense=Past|VerbForm=Part|Voice=Pass	ἀπαγγέλλω	advcl	1024
IV	1018	δὲ	ADV	Df		δέ	discourse	1024
IV	1019	τούτων	ADJ	Pd	Case=Gen|Gender=Neut|Number=Plur	οὗτος	nsubj:pass	1017
IV	1020	ἐς	ADP	R-		εἰς	case	1022
IV	1021	τὸ	DET	S-	Case=Acc|Definite=Def|Gender=Neut|Number=Sing|PronType=Dem	ὁ	det	1022
IV	1022	στρατόπεδον	NOUN	Nb	Case=Acc|Gender=Neut|Number=Sing	στρατόπεδον	obl	1017
IV	1023	ὀλοφυρμὸς	NOUN	Nb	Case=Nom|Gender=Masc|Number=Sing	ὀλοφυρμός	nsubj	1024
IV	1024	ἦν	AUX	V-	Aspect=Imp|Mood=Ind|Number=Sing|Person=3|Tense=Past|VerbForm=Fin|Voice=Act	εἰμί	ROOT	1024
IV	1025	καὶ	CCONJ	C-		καί	cc	1024
IV	1026	θρῆνος	NOUN	Nb	Case=Nom|Gender=Masc|Number=Sing	θρῆνος	conj	1024
IV	1027	ἐπὶ	ADP	R-		ἐπί	case	1028
IV	1028	πλεῖστον	ADJ	A-	Case=Acc|Degree=Sup|Gender=Neut|Number=Sing	πολύς	advmod	1026
IV	1029	·	PUNCT	Z		·	punct	1024
IV	1030	θανάτου	NOUN	Nb	Case=Gen|Gender=Masc|Number=Sing	θάνατος	iobj	1034
IV	1031	γὰρ	ADV	Df		γάρ	discourse	1032
IV	1032	ἡγοῦντο	VERB	V-	Aspect=Imp|Mood=Ind|Number=Plur|Person=3|Tense=Past|VerbForm=Fin|Voice=Mid	ἡγέομαι	ROOT	1032
IV	1033	εἶναι	AUX	V-	Tense=Pres|VerbForm=Inf|Voice=Act	εἰμί	cop	1034
IV	1034	χείρονα	ADJ	A-	Case=Acc|Degree=Cmp|Gender=Fem|Number=Sing	χείρων	ccomp	1032
IV	1035	τὴν	DET	S-	Case=Acc|Definite=Def|Gender=Fem|Number=Sing|PronType=Dem	ὁ	det	1036
IV	1036	ὕβριν	NOUN	Nb	Case=Acc|Gender=Fem|Number=Sing	ὕβρις	nsubj	1034
IV	1037	τὴν	DET	S-	Case=Acc|Definite=Def|Gender=Fem|Number=Sing|PronType=Dem	ὁ	det	1040
IV	1038	ὑπὸ	ADP	R-		ὑπό	case	1040
IV	1039	τῷ	DET	S-	Case=Dat|Definite=Def|Gender=Masc|Number=Sing|PronType=Dem	ὁ	det	1040
IV	1040	ζυγῷ	NOUN	Nb	Case=Dat|Gender=Masc|Number=Sing	ζυγόν	nmod	1036
IV	1041	.	PUNCT	Z		.	punct	1032
IV	1042	ὡς	SCONJ	G-		ὡς	mark	1049
IV	1043	δὲ	ADV	Df		δέ	discourse	1051
IV	1044	καὶ	ADV	Df		καί	advmod	1048
IV	1045	περὶ	ADP	R-		περί	case	1047
IV	1046	τῶν	DET	S-	Case=Gen|Definite=Def|Gender=Masc|Number=Plur|PronType=Dem	ὁ	det	1047
IV	1047	ἱππέων	NOUN	Nb	Case=Gen|Gender=Masc|Number=Plur	ἱππεύς	obl	1048
IV	1048	ἐπύθοντο	VERB	V-	Aspect=Perf|Mood=Ind|Number=Plur|Person=3|Tense=Past|VerbForm=Fin|Voice=Mid	πυνθάνομαι	advcl	1049
IV	1049	,	PUNCT	Z		,	advcl	1051
IV	1050	αὖθις	ADV	Df		αὖθις	advmod	1051
IV	1051	ἐθρήνουν	VERB	V-	Aspect=Imp|Mood=Ind|Number=Plur|Person=3|Tense=Past|VerbForm=Fin|Voice=Act	θρηνέω	ROOT	1051
IV	1052	ἐπὶ	ADP	R-		ἐπί	case	1053
IV	1053	πλεῖστον	ADJ	A-	Case=Acc|Degree=Sup|Gender=Neut|Number=Sing	πολύς	advmod	1051
IV	1054	.	PUNCT	Z		.	punct	1051
IV	1055	ὑπὸ	ADP	R-		ὑπό	case	1057
IV	1056	δὲ	ADV	Df		δέ	discourse	1059
IV	1057	ἀπορίας	NOUN	Nb	Case=Gen|Gender=Fem|Number=Sing	ἀπορία	obl	1059
IV	1058	αὐτὰ	PRON	Pp	Case=Acc|Gender=Neut|Number=Plur|Person=3|PronType=Prs	αὐτός	obj	1059
IV	1059	ἐδέχοντο	VERB	V-	Aspect=Imp|Mood=Ind|Number=Plur|Person=3|Tense=Past|VerbForm=Fin|Voice=Mid	δέχομαι	ROOT	1059
IV	1060	,	PUNCT	Z		,	det	1059
IV	1061	καὶ	CCONJ	C-		καί	ROOT	1061
IV	1062	τοὺς	DET	S-	Case=Acc|Definite=Def|Gender=Masc|Number=Plur|PronType=Dem	ὁ	det	1063
IV	1063	ὅρκους	NOUN	Nb	Case=Acc|Gender=Masc|Number=Plur	ὅρκος	obj	1064
IV	1064	ὤμνυον	VERB	V-	Aspect=Imp|Mood=Ind|Number=Plur|Person=3|Tense=Past|VerbForm=Fin|Voice=Act	ὄμνυμι	ROOT	1064
IV	1065	ὅ	DET	S-	Case=Nom|Definite=Def|Gender=Masc|Number=Sing|PronType=Dem	ὅς	det	1067
IV	1066	τε	CCONJ	C-		τε	cc	1067
IV	1067	Πόντιος	PROPN	Ne	Case=Nom|Gender=Masc|Number=Sing	Πόντιος	nsubj	1064
IV	1068	καὶ	CCONJ	C-		καί	cc	1067
IV	1069	οἱ	DET	S-	Case=Nom|Definite=Def|Gender=Masc|Number=Plur|PronType=Dem	ὁ	det	1071
IV	1070	Ῥωμαίων	ADJ	A-	Case=Gen|Degree=Pos|Gender=Masc|Number=Plur	Ῥωμαῖος	amod	1071
IV	1071	ὕπατοι	NOUN	Nb	Case=Nom|Gender=Masc|Number=Plur	ὕπατος	conj	1067
IV	1072	,	PUNCT	Z		,	advcl	1064
IV	1073	δύο	NUM	Ma		δύο	nummod	1079
IV	1074	ὄντες	AUX	V-	Case=Nom|Gender=Masc|Number=Plur|Tense=Pres|VerbForm=Part|Voice=Act	εἰμί	cop	1073
IV	1075	Ποστούμιός	PROPN	Ne	Case=Nom|Gender=Masc|Number=Sing	Ποστούμιος	appos	1073
IV	1076	τε	CCONJ	C-		τε	cc	1075
IV	1077	καὶ	CCONJ	C-		καί	cc	1075
IV	1078	Οὐετούριος	PROPN	Ne	Case=Nom|Gender=Masc|Number=Sing	Οὐετούριος	conj	1075
IV	1079	,	PUNCT	Z		,	advcl	1064
IV	1080	καὶ	CCONJ	C-		καί	cc	1079
IV	1081	ταμιαι	NOUN	Nb	Case=Nom|Gender=Masc|Number=Plur	ταμια	conj	1079
IV	1082	δύο	NUM	Ma		δύο	nummod	1081
IV	1083	καὶ	CCONJ	C-		καί	cc	1081
IV	1084	ταξιάρχαι	NOUN	Nb	Case=Nom|Gender=Masc|Number=Plur	ταξιάρχη	conj	1081
IV	1085	τέσσαρες	NUM	Ma	Case=Nom|Gender=Masc|Number=Plur	τέσσαρες	nummod	1084
IV	1086	καὶ	CCONJ	C-		καί	cc	1081
IV	1087	χιλίαρχοι	NOUN	Nb	Case=Nom|Gender=Masc|Number=Plur	χιλίαρχος	conj	1081
IV	1088	δώδεκα	NUM	Ma		δώδεκα	nummod	1087
IV	1089	,	PUNCT	Z		,	advcl	1064
IV	1090	σύμπαντες	ADJ	A-	Case=Nom|Degree=Pos|Gender=Masc|Number=Plur	σύμπας	nsubj	1064
IV	1091	ὅσοι	PRON	Pr	Case=Nom|Gender=Masc|Number=Plur|PronType=Rel	ὅσος	nsubj	1095
IV	1092	μετὰ	ADP	R-		μετά	case	1094
IV	1093	τοὺς	DET	S-	Case=Acc|Definite=Def|Gender=Masc|Number=Plur|PronType=Dem	ὁ	det	1094
IV	1094	διεφθαρμένους	VERB	V-	Aspect=Perf|Case=Acc|Gender=Masc|Number=Plur|Tense=Past|VerbForm=Part|Voice=Pass	διαφθείρω	obl	1095
IV	1095	ἦρχον	VERB	V-	Aspect=Imp|Mood=Ind|Number=Plur|Person=3|Tense=Past|VerbForm=Fin|Voice=Act	ἄρχω	acl	1090
IV	1096	.	PUNCT	Z		.	punct	1064
IV	1097	γενομένων	VERB	V-	Aspect=Perf|Case=Gen|Gender=Masc|Number=Plur|Tense=Past|VerbForm=Part|Voice=Mid	γίγνομαι	advcl	1108
IV	1098	δὲ	ADV	Df		δέ	discourse	1108
IV	1099	τῶν	DET	S-	Case=Gen|Definite=Def|Number=Plur|PronType=Dem	ὁ	det	1100
IV	1100	ὅρκων	NOUN	Nb	Case=Gen|Gender=Masc|Number=Plur	ὅρκος	nsubj	1097
IV	1101	ὁ	DET	S-	Case=Nom|Definite=Def|Gender=Masc|Number=Sing|PronType=Dem	ὁ	det	1108
IV	1102	μὲν	ADV	Df		μέν	discourse	1108
IV	1103	Πόντιος	PROPN	Ne	Case=Nom|Gender=Masc|Number=Sing	Πόντιος	nsubj	1108
IV	1104	παραλύσας	VERB	V-	Aspect=Perf|Case=Nom|Gender=Masc|Number=Sing|Tense=Past|VerbForm=Part|Voice=Act	παραλύω	advcl	1108
IV	1105	τι	ADJ	Px	Case=Acc|Gender=Neut|Number=Sing	τίς	obj	1104
IV	1106	τοῦ	DET	S-	Case=Gen|Definite=Def|Gender=Masc,Neut|Number=Sing|PronType=Dem	ὁ	det	1107
IV	1107	διατειχίσματος	NOUN	Nb	Case=Gen|Gender=Neut|Number=Sing	διατείχισμα	iobj	1104
IV	1108	,	PUNCT	Z		,	ROOT	1108
IV	1109	καὶ	CCONJ	C-		καί	cc	1108
IV	1110	δυσὶ	NUM	Ma	Case=Dat|Number=Plur	δύο	nummod	1111
IV	1111	δόρασιν	NOUN	Nb	Case=Dat|Gender=Neut|Number=Plur	δόρυ	iobj	1118
IV	1112	ἐς	ADP	R-		εἰς	case	1114
IV	1113	τὴν	DET	S-	Case=Acc|Definite=Def|Gender=Fem|Number=Sing|PronType=Dem	ὁ	det	1114
IV	1114	γῆν	NOUN	Nb	Case=Acc|Gender=Fem|Number=Sing	γῆ	obl	1115
IV	1115	ἐμπεπηγόσιν	VERB	V-	Aspect=Perf|Case=Dat|Gender=Masc|Number=Plur|Tense=Past|VerbForm=Part|Voice=Act	ἐμπεπηγόμι	acl	1111
IV	1116	ἐπικάρσιον	ADJ	A-	Case=Acc|Degree=Pos|Gender=Neut|Number=Sing	ἐπικάρσιον	obj	1118
IV	1117	ἄλλο	DET	Px	Case=Acc|Gender=Neut|Number=Sing	ἄλλος	det	1116
IV	1118	ἐπιθείς	VERB	V-	Aspect=Perf|Case=Nom|Gender=Masc|Number=Sing|Tense=Past|VerbForm=Part|Voice=Act	ἐπιτίθημι	advcl	1109
IV	1119	,	PUNCT	Z		,	conj	1108
IV	1120	ἐξέπεμπε	VERB	V-	Aspect=Imp|Mood=Ind|Number=Sing|Person=3|Tense=Past|VerbForm=Fin|Voice=Act	ἐκπέμπω	ROOT	1120
IV	1121	Ῥωμαίων	ADJ	A-	Case=Gen|Degree=Pos|Gender=Masc|Number=Plur	Ῥωμαῖος	nmod	1122
IV	1122	ἕκαστον	ADJ	A-	Case=Acc|Degree=Pos|Gender=Masc|Number=Sing	ἕκαστος	obj	1120
IV	1123	ὑπὸ	ADP	R-		ὑπό	case	1124
IV	1124	τούτῳ	ADJ	Pd	Case=Dat|Gender=Masc|Number=Sing	οὗτος	obl	1120
IV	1125	.	PUNCT	Z		.	punct	1120
IV	1126	καί	CCONJ	C-		καί	cc	1129
IV	1127	τινα	DET	Px	Case=Acc|Gender=Neut|Number=Plur	τίς	det	1128
IV	1128	ὑποζύγια	NOUN	Nb	Case=Acc|Gender=Neut|Number=Plur	ὑποζύγιον	obj	1129
IV	1129	ἔδωκεν	VERB	V-	Aspect=Perf|Mood=Ind|Number=Sing|Person=3|Tense=Past|VerbForm=Fin|Voice=Act	δίδωμι	ROOT	1129
IV	1130	αὐτοῖς	PRON	Pp	Case=Dat|Gender=Masc|Number=Plur|Person=3|PronType=Prs	αὐτός	iobj	1129
IV	1131	ἐς	ADP	R-		εἰς	case	1133
IV	1132	τοὺς	DET	S-	Case=Acc|Definite=Def|Gender=Masc|Number=Plur|PronType=Dem	ὁ	det	1133
IV	1133	ἀρρωστοῦντας	VERB	V-	Case=Acc|Gender=Masc|Number=Plur|Tense=Pres|VerbForm=Part|Voice=Act	ἀρρωστέω	obl	1129
IV	1134	,	PUNCT	Z		,	dep	1129
IV	1135	καὶ	CCONJ	C-		καί	ROOT	1135
IV	1136	τροφήν	NOUN	Nb	Case=Acc|Gender=Fem|Number=Sing	τροφή	ROOT	1136
IV	1137	,	PUNCT	Z		,	ROOT	1137
IV	1138	ἄχρι	ADP	R-		ἄχρι	case	1140
IV	1139	τῆς	DET	S-	Case=Gen|Definite=Def|Gender=Fem|Number=Sing|PronType=Dem	ὁ	det	1140
IV	1140	Ῥώμης	PROPN	Ne	Case=Gen|Gender=Fem|Number=Sing	Ῥώμη	obl	1141
IV	1141	φέρεσθαι	VERB	V-	Tense=Pres|VerbForm=Inf|Voice=Mid	φέρω	xcomp	1137
IV	1142	.	PUNCT	Z		.	ROOT	1142
IV	1143	δύναται	VERB	V-	Mood=Ind|Number=Sing|Person=3|Tense=Pres|VerbForm=Fin|Voice=Mid	δύναμαι	ROOT	1143
IV	1144	δʼ	ADV	Df		δέ	discourse	1143
IV	1145	,	PUNCT	Z		,	case	1147
IV	1146	ἐμοὶ	PRON	Pp	Case=Dat|Gender=Masc|Number=Sing|Person=1|PronType=Prs	ἐγώ	iobj	1147
IV	1147	δοκεῖν	VERB	V-	Tense=Pres|VerbForm=Inf|Voice=Act	δοκέω	xcomp	1143
IV	1148	,	PUNCT	Z		,	xcomp	1143
IV	1149	τὸ	DET	S-	Case=Acc|Definite=Def|Gender=Neut|Number=Sing|PronType=Dem	ὁ	det	1150
IV	1150	εἶδος	NOUN	Nb	Case=Nom|Gender=Neut|Number=Sing	εἶδος	nsubj	1143
IV	1151	τῆς	DET	S-	Case=Gen|Definite=Def|Gender=Fem|Number=Sing|PronType=Dem	ὁ	det	1152
IV	1152	ἀφέσεως	NOUN	Nb	Case=Gen|Gender=Fem|Number=Sing	ἄφεσις	nmod	1150
IV	1153	,	PUNCT	Z		,	xcomp	1143
IV	1154	ὃ	PRON	Pr	Case=Acc|Gender=Neut|Number=Sing|PronType=Rel	ὁ	obj	1155
IV	1155	καλοῦσιν	VERB	V-	Mood=Ind|Number=Plur|Person=3|Tense=Pres|VerbForm=Fin|Voice=Act	καλέω	acl	1153
IV	1156	οἱ	DET	S-	Case=Nom|Definite=Def|Gender=Masc|Number=Plur|PronType=Dem	ὁ	iobj	1155
IV	1157	τῇδε	ADJ	Pd	Case=Dat|Gender=Fem|Number=Sing	ὅδε	dislocated	1155
IV	1158	ζυγόν	NOUN	Nb	Case=Acc|Gender=Masc|Number=Sing	ζυγόν	xcomp	1155
IV	1159	,	PUNCT	Z		,	xcomp	1143
IV	1160	ὀνειδίζειν	VERB	V-	Tense=Pres|VerbForm=Inf|Voice=Act	ὀνειδίζω	xcomp	1143
IV	1161	ὡς	ADV	Df		ὡς	advmod	1160
IV	1162	δοριαλώτοις	ADJ	A-	Case=Dat|Degree=Pos|Gender=Masc|Number=Plur	δοριαλώτω	iobj	1161
IV	1163	.	PUNCT	Z		.	punct	1143
IV	1164	ἀπαγγελθείσης	VERB	V-	Aspect=Perf|Case=Gen|Gender=Fem|Number=Sing|Tense=Past|VerbForm=Part|Voice=Pass	ἀπαγγελθείσης	advcl	1174
IV	1165	δὲ	ADV	Df		δέ	discourse	1174
IV	1166	τῆς	DET	S-	Case=Gen|Definite=Def|Gender=Fem|Number=Sing|PronType=Dem	ὁ	det	1167
IV	1167	συμφορᾶς	NOUN	Nb	Case=Gen|Gender=Fem|Number=Sing	συμφορά	nsubj:pass	1164
IV	1168	ἐς	ADP	R-		εἰς	case	1170
IV	1169	τὴν	DET	S-	Case=Acc|Definite=Def|Gender=Fem|Number=Sing|PronType=Dem	ὁ	det	1170
IV	1170	πόλιν	NOUN	Nb	Case=Acc|Gender=Fem|Number=Sing	πόλις	obl	1164
IV	1171	οἰμωγὴ	NOUN	Nb	Case=Nom|Gender=Fem|Number=Sing	οἰμωγή	nsubj	1174
IV	1172	καὶ	CCONJ	C-		καί	cc	1171
IV	1173	θρῆνος	NOUN	Nb	Case=Nom|Gender=Masc|Number=Sing	θρῆνος	conj	1171
IV	1174	ἦν	AUX	V-	Aspect=Imp|Mood=Ind|Number=Sing|Person=3|Tense=Past|VerbForm=Fin|Voice=Act	εἰμί	ROOT	1174
IV	1175	ὡς	ADV	Df		ὡς	advmod	1177
IV	1176	ἐπὶ	ADP	R-		ἐπί	case	1177
IV	1177	πένθει	NOUN	Nb	Case=Dat|Gender=Neut|Number=Sing	πένθος	obl	1174
IV	1178	,	PUNCT	Z		,	dep	1174
IV	1179	καὶ	CCONJ	C-		καί	cc	1174
IV	1180	αἱ	DET	S-	Case=Nom|Definite=Def|Gender=Fem|Number=Plur|PronType=Dem	ὁ	det	1181
IV	1181	γυναῖκες	NOUN	Nb	Case=Nom|Gender=Fem|Number=Plur	γυνή	nsubj	1182
IV	1182	ἐκόπτοντο	VERB	V-	Aspect=Imp|Mood=Ind|Number=Plur|Person=3|Tense=Past|VerbForm=Fin|Voice=Mid	κόπτω	conj	1174
IV	1183	τοὺς	DET	S-	Case=Acc|Definite=Def|Gender=Masc|Number=Plur|PronType=Dem	ὁ	det	1185
IV	1184	αἰσχρῶς	ADV	Df	Degree=Pos	αἰσχρῶς	advmod	1185
IV	1185	περισεσωσμένους	VERB	V-	Aspect=Perf|Case=Acc|Gender=Masc|Number=Plur|Tense=Past|VerbForm=Part|Voice=Pass	περισεσωσμένος	obj	1182
IV	1186	ὡς	ADV	Df		ὡς	advmod	1187
IV	1187	ἀποφανόντας	VERB	V-	Case=Acc|Gender=Masc|Number=Plur|Tense=Fut|VerbForm=Part|Voice=Act	ἀποφαιγνώσκω	advcl	1182
IV	1188	,	PUNCT	Z		,	punct	1174
IV	1189	ἥ	DET	S-	Case=Nom|Definite=Def|Gender=Fem|Number=Sing|PronType=Dem	ὁ	det	1191
IV	1190	τε	CCONJ	C-		τε	cc	1195
IV	1191	βουλὴ	NOUN	Nb	Case=Nom|Gender=Fem|Number=Sing	βουλή	nsubj	1195
IV	1192	τὴν	DET	S-	Case=Acc|Definite=Def|Gender=Fem|Number=Sing|PronType=Dem	ὁ	det	1194
IV	1193	ἐπιπόρφυρον	ADJ	A-	Case=Acc|Degree=Pos|Gender=Fem|Number=Sing	ἐπιπόρφυρος	amod	1194
IV	1194	ἐσθῆτα	NOUN	Nb	Case=Acc|Gender=Fem|Number=Sing	ἐσθής	obj	1195
IV	1195	ἀπέθετο	VERB	V-	Aspect=Perf|Mood=Ind|Number=Sing|Person=3|Tense=Past|VerbForm=Fin|Voice=Mid	ἀποτίθημι	ROOT	1195
IV	1196	,	PUNCT	Z		,	punct	1195
IV	1197	καὶ	CCONJ	C-		καί	ROOT	1197
IV	1198	θυσίαι	NOUN	Nb	Case=Nom|Gender=Fem|Number=Plur	θυσία	ROOT	1198
IV	1199	καὶ	CCONJ	C-		καί	cc	1198
IV	1200	γάμοι	NOUN	Nb	Case=Nom|Gender=Masc|Number=Plur	γάμος	conj	1198
IV	1201	,	PUNCT	Z		,	ROOT	1201
IV	1202	καὶ	CCONJ	C-		καί	cc	1201
IV	1203	ὅσα	PRON	Pr	Case=Nom|Gender=Neut|Number=Plur|PronType=Rel	ὅσος	det	1205
IV	1204	ἄλλα	DET	Px	Case=Nom|Gender=Neut|Number=Plur	ἄλλος	det	1205
IV	1205	τοιουτότροπα	ADJ	A-	Case=Nom|Degree=Pos|Gender=Neut|Number=Plur	τοιουτότρωψ	conj	1201
IV	1206	,	PUNCT	Z		,	advmod	1207
IV	1207	ἐπέσχετο	VERB	V-	Mood=Ind|Number=Sing|Person=3|Tense=Pqp|VerbForm=Fin|Voice=Pass	ἐπέχω	ROOT	1207
IV	1208	ἐπὶ	ADP	R-		ἐπί	case	1210
IV	1209	τὸ	DET	S-	Case=Acc|Definite=Def|Gender=Neut|Number=Sing|PronType=Dem	ὁ	det	1210
IV	1210	ἔτος	NOUN	Nb	Case=Acc|Gender=Neut|Number=Sing	ἔτος	obl	1207
IV	1211	ὅλον	ADJ	A-	Case=Acc|Degree=Pos|Gender=Masc,Neut|Number=Sing	ὅλος	amod	1210
IV	1212	,	PUNCT	Z		,	advmod	1207
IV	1213	ἕως	SCONJ	G-		ἕως	mark	1216
IV	1214	τὴν	DET	S-	Case=Acc|Definite=Def|Gender=Fem|Number=Sing|PronType=Dem	ὁ	det	1215
IV	1215	συμφορὰν	NOUN	Nb	Case=Acc|Gender=Fem|Number=Sing	συμφορά	obj	1216
IV	1216	ἀνέλαβον	VERB	V-	Aspect=Perf|Mood=Ind|Number=Plur|Person=3|Tense=Past|VerbForm=Fin|Voice=Act	ἀναλαμβάνω	advcl	1212
IV	1217	.	PUNCT	Z		.	punct	1207
IV	1218	τῶν	DET	S-	Case=Gen|Definite=Def|Gender=Masc|Number=Plur|PronType=Dem	ὁ	det	1226
IV	1219	δὲ	ADV	Df		δέ	discourse	1226
IV	1220	ἀφειμένων	VERB	V-	Aspect=Perf|Case=Gen|Gender=Masc|Number=Plur|Tense=Past|VerbForm=Part|Voice=Pass	ἀφίημι	nmod	1221
IV	1221	οἱ	PRON	Pp	Case=Nom|Gender=Masc|Number=Plur|Person=3|PronType=Prs	ὁ	nsubj	1226
IV	1222	μὲν	ADV	Df		μέν	discourse	1221
IV	1223	ἐς	ADP	R-		εἰς	case	1225
IV	1224	τοὺς	DET	S-	Case=Acc|Definite=Def|Gender=Masc|Number=Plur|PronType=Dem	ὁ	det	1225
IV	1225	ἀγροὺς	NOUN	Nb	Case=Acc|Gender=Masc|Number=Plur	ἀγρός	obl	1226
IV	1226	διέφευγον	VERB	V-	Aspect=Imp|Mood=Ind|Number=Plur|Person=3|Tense=Past|VerbForm=Fin|Voice=Act	διαφεύγω	ROOT	1226
IV	1227	ὑπὸ	ADP	R-		ὑπό	case	1228
IV	1228	αἰδοῦς	NOUN	Nb	Case=Gen|Gender=Fem|Number=Sing	αἰδώς	obl	1226
IV	1229	,	PUNCT	Z		,	punct	1226
IV	1230	οἱ	PRON	Pp	Case=Nom|Gender=Masc|Number=Plur|Person=3|PronType=Prs	ὁ	nsubj	1236
IV	1231	δὲ	ADV	Df		δέ	discourse	1230
IV	1232	νυκτὸς	NOUN	Nb	Case=Gen|Gender=Fem|Number=Sing	νύξ	obl	1236
IV	1233	ἐς	ADP	R-		εἰς	case	1235
IV	1234	τὴν	DET	S-	Case=Acc|Definite=Def|Gender=Fem|Number=Sing|PronType=Dem	ὁ	det	1235
IV	1235	πόλιν	NOUN	Nb	Case=Acc|Gender=Fem|Number=Sing	πόλις	obl	1236
IV	1236	ἐσῄεσαν	VERB	V-	Aspect=Perf|Mood=Ind|Number=Plur|Person=3|Tense=Past|VerbForm=Fin|Voice=Act	εἴσειμι	ROOT	1236
IV	1237	·	PUNCT	Z		·	punct	1236
IV	1238	οἱ	DET	S-	Case=Nom|Definite=Def|Gender=Masc|Number=Plur|PronType=Dem	ὁ	det	1240
IV	1239	δὲ	ADV	Df		δέ	discourse	1243
IV	1240	ἄρχοντες	NOUN	Nb	Case=Nom|Gender=Masc|Number=Plur	ἄρχων	nsubj	1243
IV	1241	ἡμέρας	NOUN	Nb	Case=Gen|Gender=Fem|Number=Sing	ἡμέρα	obl	1243
IV	1242	μὲν	ADV	Df		μέν	discourse	1243
IV	1243	ἐσῆλθον	VERB	V-	Aspect=Perf|Mood=Ind|Number=Plur|Person=3|Tense=Past|VerbForm=Fin|Voice=Act	εἰσέρχομαι	ROOT	1243
IV	1244	ὑπʼ	ADP	R-		ὑπό	case	1245
IV	1245	ἀνάγκης	NOUN	Nb	Case=Gen|Gender=Fem|Number=Sing	ἀνάγκη	obl	1243
IV	1246	,	PUNCT	Z		,	parataxis	1243
IV	1247	καὶ	CCONJ	C-		καί	cc	1246
IV	1248	τὰ	DET	S-	Case=Nom|Definite=Def|Gender=Neut|Number=Plur|PronType=Dem	ὁ	det	1249
IV	1249	σημεῖα	NOUN	Nb	Case=Nom|Gender=Neut|Number=Plur	σημεῖον	nsubj	1252
IV	1250	τῆς	DET	S-	Case=Gen|Definite=Def|Gender=Fem|Number=Sing|PronType=Dem	ὁ	det	1251
IV	1251	ἀρχῆς	NOUN	Nb	Case=Gen|Gender=Fem|Number=Sing	ἀρχή	nmod	1249
IV	1252	ἐπέκειτο	VERB	V-	Aspect=Imp|Mood=Ind|Number=Sing|Person=3|Tense=Past|VerbForm=Fin|Voice=Mid	ἐπίκειμαι	conj	1246
IV	1253	αὐτοῖς	PRON	Pp	Case=Dat|Gender=Masc|Number=Plur|Person=3|PronType=Prs	αὐτός	iobj	1252
IV	1254	,	PUNCT	Z		,	punct	1243
IV	1255	ἔπρασσον	VERB	V-	Aspect=Imp|Mood=Ind|Number=Plur|Person=3|Tense=Past|VerbForm=Fin|Voice=Act	πράσσω	ROOT	1255
IV	1256	δὲ	ADV	Df		δέ	discourse	1255
IV	1257	οὐδέν	ADJ	Px	Case=Acc|Gender=Neut|Number=Sing	οὐδείς	obj	1255
IV	1258	.	PUNCT	Z		.	punct	1255
IV	1259	U.	PUNCT	Pd		U.ς	ROOT	1259
IV	1260	p.	PUNCT	Z		p.	ROOT	1260
IV	1261	338.	PUNCT	Z		338.	ROOT	1261
V	0	Δεντάτῳ	ADJ	A-	Case=Dat|Degree=Sup|Gender=Masc|Number=Sing	Δεντάτῳ	iobj	4
V	1	κατὰ	ADP	R-		κατά	case	2
V	2	ζῆλον	NOUN	Nb	Case=Acc|Gender=Masc|Number=Sing	ζῆλος	obl	4
V	3	ἀρετῆς	NOUN	Nb	Case=Gen|Gender=Fem|Number=Sing	ἀρετή	nmod	2
V	4	εἵπετο	VERB	V-	Aspect=Imp|Mood=Ind|Number=Sing|Person=3|Tense=Past|VerbForm=Fin|Voice=Mid	ἕπομαι	ROOT	4
V	5	νεων	NOUN	Nb	Case=Gen|Gender=Fem|Number=Plur	νις	nmod	6
V	6	λογάδων	NOUN	Nb	Case=Gen|Gender=Masc|Number=Plur	λογάς	nsubj	4
V	7	πλῆθος	NOUN	Nb	Case=Nom|Gender=Neut|Number=Sing	πλῆθος	nsubj	4
V	8	ὀκτακοσίων	NUM	Ma	Case=Gen|Number=Plur	ὀκτακόσιοι	nummod	7
V	9	,	PUNCT	Z		,	punct	4
V	10	ἐπὶ	ADP	R-		ἐπί	case	13
V	11	πάντα	DET	Px	Case=Acc|Gender=Neut|Number=Plur	πᾶς	det	13
V	12	τὰ	DET	S-	Case=Acc|Definite=Def|Gender=Neut|Number=Plur|PronType=Dem	ὁ	det	13
V	13	ἔργα	NOUN	Nb	Case=Acc|Gender=Neut|Number=Plur	ἔργον	obl	14
V	14	ἕτοιμοι	ADJ	A-	Case=Nom|Degree=Pos|Gender=Masc|Number=Plur	ἕτοιμος	ROOT	14
V	15	.	PUNCT	Z		.	punct	14
V	16	καὶ	CCONJ	C-		καί	cc	17
V	17	βαρὺς	ADJ	A-	Case=Nom|Degree=Pos|Gender=Masc|Number=Sing	βαρύς	ROOT	17
V	18	ἦν	AUX	V-	Aspect=Imp|Mood=Ind|Number=Sing|Person=3|Tense=Past|VerbForm=Fin|Voice=Act	εἰμί	cop	17
V	19	τῇ	DET	S-	Case=Dat|Definite=Def|Gender=Fem|Number=Sing|PronType=Dem	ὁ	det	20
V	20	βουλῇ	NOUN	Nb	Case=Dat|Gender=Fem|Number=Sing	βουλή	iobj	17
V	21	παρὰ	ADP	R-		παρά	case	23
V	22	τὰς	DET	S-	Case=Acc|Definite=Def|Gender=Fem|Number=Plur|PronType=Dem	ὁ	det	23
V	23	ἐκκλησίας	NOUN	Nb	Case=Acc|Gender=Fem|Number=Plur	ἐκκλησία	obl	17
V	24	.	PUNCT	Z		.	punct	17
V	25	Suid.	PUNCT	Z		Suid.	ROOT	25
V	26	v.	PUNCT	Z		v.	ROOT	26
V	27	ζῆλος	NOUN	Nb	Case=Nom|Gender=Masc|Number=Sing	ζῆλος	ROOT	27
V	28	.	PUNCT	Z		.	punct	27
VI	0	ὅτι	SCONJ	G-		ὅτι	mark	6
VI	1	Κελτῶν	NOUN	Nb	Case=Gen|Gender=Masc|Number=Plur	Κελτός	nmod	2
VI	2	Σενόνων	NOUN	Nb	Case=Gen|Gender=Masc|Number=Plur	Σενόνων	nmod	4
VI	3	πολὺ	ADJ	A-	Case=Nom|Degree=Pos|Gender=Neut|Number=Sing	πολύς	amod	4
VI	4	πλῆθος	NOUN	Nb	Case=Nom|Gender=Neut|Number=Sing	πλῆθος	nsubj	6
VI	5	Τυρρηνοῖς	NOUN	Nb	Case=Dat|Gender=Masc|Number=Plur	Τυρσηνός	iobj	6
VI	6	συνεμάχουν	VERB	V-	Aspect=Imp|Mood=Ind|Number=Plur|Person=3|Tense=Past|VerbForm=Fin|Voice=Act	συμμαχέω	ROOT	6
VI	7	κατὰ	ADP	R-		κατά	case	8
VI	8	Ῥωμαίων	ADJ	A-	Case=Gen|Degree=Pos|Gender=Masc|Number=Plur	Ῥωμαῖος	obl	6
VI	9	.	PUNCT	Z		.	punct	6
VI	10	Ῥωμαῖοι	ADJ	A-	Case=Nom|Degree=Pos|Gender=Masc|Number=Plur	Ῥωμαῖος	nsubj	16
VI	11	δὲ	ADV	Df		δέ	discourse	16
VI	12	ἐς	ADP	R-		εἰς	case	15
VI	13	τὰς	DET	S-	Case=Acc|Definite=Def|Gender=Fem|Number=Plur|PronType=Dem	ὁ	det	15
VI	14	Σενόνων	NOUN	Nb	Case=Gen|Gender=Masc|Number=Plur	Σενόν	nmod	15
VI	15	πόλεις	NOUN	Nb	Case=Acc|Gender=Fem|Number=Plur	πόλις	obl	16
VI	16	ἐπρέσβευον	VERB	V-	Aspect=Imp|Mood=Ind|Number=Plur|Person=3|Tense=Past|VerbForm=Fin|Voice=Act	πρεσβεύω	ROOT	16
VI	17	,	PUNCT	Z		,	cc	16
VI	18	καὶ	CCONJ	C-		καί	ROOT	18
VI	19	ἐνεκάλουν	VERB	V-	Aspect=Imp|Mood=Ind|Number=Plur|Person=3|Tense=Past|VerbForm=Fin|Voice=Act	ἐγκαλέω	ROOT	19
VI	20	ὅτι	SCONJ	G-		ὅτι	mark	23
VI	21	ὄντες	AUX	V-	Case=Nom|Gender=Masc|Number=Plur|Tense=Pres|VerbForm=Part|Voice=Act	εἰμί	cop	22
VI	22	ἔνσπονδοι	ADJ	A-	Case=Nom|Degree=Pos|Gender=Masc|Number=Plur	ἔνσπονδος	advcl	23
VI	23	μισθοφοροῦσι	VERB	V-	Mood=Ind|Number=Plur|Person=3|Tense=Pres|VerbForm=Fin|Voice=Act	μισθοφορέω	ccomp	19
VI	24	κατὰ	ADP	R-		κατά	case	25
VI	25	Ῥωμαίων	ADJ	A-	Case=Gen|Degree=Pos|Gender=Masc|Number=Plur	Ῥωμαῖος	obl	23
VI	26	.	PUNCT	Z		.	punct	19
VI	27	τούσδε	DET	Pd	Case=Acc|Gender=Masc|Number=Plur	ὅδε	det	29
VI	28	τοὺς	DET	S-	Case=Acc|Definite=Def|Gender=Masc|Number=Plur|PronType=Dem	ὁ	det	29
VI	29	πρέσβεις	NOUN	Nb	Case=Acc|Gender=Masc|Number=Plur	πρέσβυς	obj	38
VI	30	Βριτόμαρις	PROPN	Ne	Case=Nom|Gender=Masc|Number=Sing	Βριτόμαρις	nsubj	38
VI	31	μετὰ	ADP	R-		μετά	case	33
VI	32	τῶν	DET	S-	Case=Gen|Definite=Def|Number=Plur|PronType=Dem	ὁ	det	33
VI	33	κηρυκείων	NOUN	Nb	Case=Gen|Gender=Neut|Number=Plur	κηρυκεῖον	obl	38
VI	34	καὶ	CCONJ	C-		καί	cc	33
VI	35	τῆς	DET	S-	Case=Gen|Definite=Def|Gender=Fem|Number=Sing|PronType=Dem	ὁ	det	37
VI	36	ἱερᾶς	ADJ	A-	Case=Gen|Degree=Pos|Gender=Fem|Number=Sing	ἱερός	amod	37
VI	37	στολῆς	NOUN	Nb	Case=Gen|Gender=Fem|Number=Sing	στολή	conj	33
VI	38	κατέτεμεν	VERB	V-	Aspect=Perf|Mood=Ind|Number=Sing|Person=3|Tense=Past|VerbForm=Fin|Voice=Act	κατατέμνω	ROOT	38
VI	39	ἐς	ADP	R-		εἰς	case	40
VI	40	πολλὰ	ADJ	A-	Case=Acc|Degree=Pos|Gender=Neut|Number=Plur	πολύς	obl	38
VI	41	καὶ	CCONJ	C-		καί	cc	38
VI	42	διέρριψεν	VERB	V-	Aspect=Perf|Mood=Ind|Number=Sing|Person=3|Tense=Past|VerbForm=Fin|Voice=Act	διαρρίπτω	conj	38
VI	43	,	PUNCT	Z		,	cc	38
VI	44	ἐγκαλῶν	VERB	V-	Case=Nom|Gender=Masc|Number=Sing|Tense=Pres|VerbForm=Part|Voice=Act	ἐγκαλέω	advcl	38
VI	45	ὅτι	SCONJ	G-		ὅτι	mark	52
VI	46	αὐτοῦ	PRON	Pp	Case=Gen|Gender=Masc|Number=Sing|Person=3|PronType=Prs	αὐτός	det	48
VI	47	ὁ	DET	S-	Case=Nom|Definite=Def|Gender=Masc|Number=Sing|PronType=Dem	ὁ	det	48
VI	48	πατὴρ	NOUN	Nb	Case=Nom|Gender=Masc|Number=Sing	πατήρ	nsubj:pass	52
VI	49	ἐν	ADP	R-		ἐν	case	50
VI	50	Τυρρηνίᾳ	PROPN	Ne	Case=Dat|Gender=Fem|Number=Sing	Τυρσηνία	obl	51
VI	51	πολεμῶν	VERB	V-	Case=Nom|Gender=Masc|Number=Sing|Tense=Pres|VerbForm=Part|Voice=Act	πόλεμος	advcl	52
VI	52	ἀνῄρητο	VERB	V-	Mood=Ind|Number=Sing|Person=3|Tense=Pqp|VerbForm=Fin|Voice=Pass	ἀναιρέω	ccomp	44
VI	53	ὑπὸ	ADP	R-		ὑπό	case	54
VI	54	Ῥωμαίων	ADJ	A-	Case=Gen|Degree=Pos|Gender=Masc|Number=Plur	Ῥωμαῖος	obl:agent	52
VI	55	.	PUNCT	Z		.	punct	38
VI	56	Κορνήλιος	PROPN	Ne	Case=Nom|Gender=Masc|Number=Sing	Κορνήλιος	nsubj	68
VI	57	δὲ	ADV	Df		δέ	discourse	68
VI	58	ὁ	DET	S-	Case=Nom|Definite=Def|Gender=Masc|Number=Sing|PronType=Dem	ὁ	det	59
VI	59	ὕπατος	NOUN	Nb	Case=Nom|Gender=Masc|Number=Sing	ὕπατος	appos	56
VI	60	τοῦ	DET	S-	Case=Gen|Definite=Def|Gender=Masc,Neut|Number=Sing|PronType=Dem	ὁ	det	61
VI	61	μύσους	NOUN	Nb	Case=Gen|Gender=Neut|Number=Sing	μύσος	obj	68
VI	62	ἐν	ADP	R-		ἐν	case	63
VI	63	ὁδῷ	NOUN	Nb	Case=Dat|Gender=Fem|Number=Sing	ὁδός	obl	64
VI	64	πυθόμενος	VERB	V-	Aspect=Perf|Case=Nom|Gender=Masc|Number=Sing|Tense=Past|VerbForm=Part|Voice=Mid	πυνθάνομαι	advcl	68
VI	65	τὰ	PRON	Pp	Case=Acc|Gender=Neut|Number=Plur|Person=3|PronType=Prs	ὁ	obj	68
VI	66	μὲν	ADV	Df		μέν	discourse	68
VI	67	Τυρρηνῶν	NOUN	Nb	Case=Gen|Gender=Masc|Number=Plur	Τυρσηνός	nmod	61
VI	68	εἴασεν	VERB	V-	Aspect=Perf|Mood=Ind|Number=Sing|Person=3|Tense=Past|VerbForm=Fin|Voice=Act	ἐάω	ROOT	68
VI	69	,	PUNCT	Z		,	punct	68
VI	70	ἐς	ADP	R-		εἰς	case	74
VI	71	δὲ	ADV	Df		δέ	discourse	83
VI	72	τὰς	DET	S-	Case=Acc|Definite=Def|Gender=Fem|Number=Plur|PronType=Dem	ὁ	det	74
VI	73	Σενόνων	NOUN	Nb	Case=Gen|Gender=Masc|Number=Plur	Σενόν	nmod	74
VI	74	πόλεις	NOUN	Nb	Case=Acc|Gender=Fem|Number=Plur	πόλις	obl	83
VI	75	συντόνῳ	ADJ	A-	Case=Dat|Degree=Pos|Gender=Fem|Number=Sing	σύντονος	amod	76
VI	76	σπουδῇ	NOUN	Nb	Case=Dat|Gender=Fem|Number=Sing	σπουδή	obl	81
VI	77	διὰ	ADP	R-		διά	case	78
VI	78	Σαβίνων	PROPN	Ne	Case=Gen|Gender=Masc|Number=Plur	Σαβῖνος	obl	81
VI	79	καὶ	CCONJ	C-		καί	cc	78
VI	80	Πικεντίνων	NOUN	Ne	Case=Gen|Gender=Masc|Number=Plur	Πικεντῖνος	conj	78
VI	81	ἐσβαλὼν	VERB	V-	Aspect=Perf|Case=Nom|Gender=Masc|Number=Sing|Tense=Past|VerbForm=Part|Voice=Act	εἰσβάλλω	advcl	83
VI	82	πάντα	ADJ	Px	Case=Acc|Gender=Neut|Number=Plur	πᾶς	obj	83
VI	83	καθῄρει	VERB	V-	Aspect=Imp|Mood=Ind|Number=Sing|Person=3|Tense=Past|VerbForm=Fin|Voice=Act	καθαιρέω	ROOT	83
VI	84	καὶ	CCONJ	C-		καί	cc	83
VI	85	ἐνεπίμπρη	VERB	V-	Aspect=Imp|Mood=Ind|Number=Sing|Person=3|Tense=Past|VerbForm=Fin|Voice=Act	ἐμπίμπρημι	conj	83
VI	86	,	PUNCT	Z		,	appos	82
VI	87	καὶ	CCONJ	C-		καί	cc	83
VI	88	τὰς	DET	S-	Case=Acc|Definite=Def|Gender=Fem|Number=Plur|PronType=Dem	ὁ	det	90
VI	89	μὲν	ADV	Df		μέν	discourse	94
VI	90	γυναῖκας	NOUN	Nb	Case=Acc|Gender=Fem|Number=Plur	γυνή	obj	94
VI	91	καὶ	CCONJ	C-		καί	cc	90
VI	92	τὰ	DET	S-	Case=Acc|Definite=Def|Gender=Neut|Number=Plur|PronType=Dem	ὁ	det	93
VI	93	παιδία	NOUN	Nb	Case=Acc|Gender=Neut|Number=Plur	παιδίον	conj	90
VI	94	ἠνδραποδίζετο	VERB	V-	Aspect=Imp|Mood=Ind|Number=Sing|Person=3|Tense=Past|VerbForm=Fin|Voice=Mid	ἀνδραποδίζω	conj	83
VI	95	,	PUNCT	Z		,	punct	83
VI	96	τοὺς	DET	S-	Case=Acc|Definite=Def|Gender=Masc|Number=Plur|PronType=Dem	ὁ	det	98
VI	97	δὲ	ADV	Df		δέ	discourse	100
VI	98	ἡβῶντας	VERB	V-	Aspect=Perf|Case=Acc|Gender=Masc|Number=Plur|Tense=Past|VerbForm=Part|Voice=Act	ἡβάω	obj	100
VI	99	πάντας	DET	Px	Case=Acc|Gender=Masc|Number=Plur	πᾶς	det	98
VI	100	ἔκτεινε	VERB	V-	Aspect=Imp|Mood=Ind|Number=Sing|Person=3|Tense=Past|VerbForm=Fin|Voice=Act	κτείνω	ROOT	100
VI	101	,	PUNCT	Z		,	punct	100
VI	102	πλὴν	ADP	R-		πλήν	case	103
VI	103	Βριτομάριος	PROPN	Ne	Case=Nom|Gender=Masc|Number=Sing	Βριτομάριος	ROOT	103
VI	104	,	PUNCT	Z		,	appos	103
VI	105	ὃν	PRON	Pr	Case=Acc|Gender=Masc|Number=Sing|PronType=Rel	ὅς	obj	108
VI	106	δεινῶς	ADV	Df	Degree=Pos	δεινῶς	advmod	107
VI	107	αἰκισάμενος	VERB	V-	Aspect=Perf|Case=Nom|Gender=Masc|Number=Sing|Tense=Past|VerbForm=Part|Voice=Mid	αἰκίζω	advcl	108
VI	108	ἦγεν	VERB	V-	Aspect=Imp|Mood=Ind|Number=Sing|Person=3|Tense=Past|VerbForm=Fin|Voice=Act	ἄγω	acl	104
VI	109	ἐς	ADP	R-		εἰς	case	111
VI	110	τὸν	DET	S-	Case=Acc|Definite=Def|Gender=Masc|Number=Sing|PronType=Dem	ὁ	det	111
VI	111	θρίαμβον	NOUN	Nb	Case=Acc|Gender=Masc|Number=Sing	θρίαμβος	obl	108
VI	112	.	PUNCT	Z		.	punct	103
VI	113	οἱ	PRON	Pp	Case=Nom|Gender=Masc|Number=Plur|Person=3|PronType=Prs	ὁ	nsubj	116
VI	114	δὲ	ADV	Df		δέ	discourse	116
VI	115	Σενόνων	NOUN	Nb	Case=Gen|Gender=Masc|Number=Plur	Σενόνων	nmod	116
VI	116	,	PUNCT	Z		,	ROOT	116
VI	117	ὅσοι	PRON	Pr	Case=Nom|Gender=Masc|Number=Plur|PronType=Rel	ὅσος	nsubj	120
VI	118	ἦσαν	AUX	V-	Aspect=Imp|Mood=Ind|Number=Plur|Person=3|Tense=Past|VerbForm=Fin|Voice=Act	εἰμί	cop	120
VI	119	ἐν	ADP	R-		ἐν	case	120
VI	120	Τυρρηνίᾳ	PROPN	Ne	Case=Dat|Gender=Fem|Number=Sing	Τυρσηνία	dep	116
VI	121	,	PUNCT	Z		,	punct	116
VI	122	πυθόμενοι	VERB	V-	Aspect=Perf|Case=Nom|Gender=Masc|Number=Plur|Tense=Past|VerbForm=Part|Voice=Mid	πυνθάνομαι	advcl	124
VI	123	ἀνῃρῆσθαι	VERB	V-	Aspect=Perf|Tense=Past|VerbForm=Inf|Voice=Pass	ἀναιρέω	ccomp	122
VI	124	,	PUNCT	Z		,	advmod	126
VI	125	Τυρρηνοὺς	ADJ	A-	Case=Acc|Degree=Pos|Gender=Masc|Number=Plur	Τυρσηνός	obj	126
VI	126	ἦγον	VERB	V-	Aspect=Imp|Mood=Ind|Number=Plur|Person=3|Tense=Past|VerbForm=Fin|Voice=Act	ἄγω	ROOT	126
VI	127	ἐπὶ	ADP	R-		ἐπί	case	128
VI	128	Ῥώμης	PROPN	Ne	Case=Gen|Gender=Fem|Number=Sing	Ῥώμη	obl	126
VI	129	.	PUNCT	Z		.	punct	126
VI	130	καὶ	CCONJ	C-		καί	cc	136
VI	131	πολλῶν	ADJ	A-	Case=Gen|Degree=Pos|Gender=Masc|Number=Plur	πολύς	amod	133
VI	132	μεταξὺ	ADV	Df		μεταξύ	advmod	133
VI	133	γενομένων	VERB	V-	Aspect=Perf|Case=Gen|Gender=Masc|Number=Plur|Tense=Past|VerbForm=Part|Voice=Mid	γίγνομαι	advcl	136
VI	134	οἱ	DET	S-	Case=Nom|Definite=Def|Gender=Masc|Number=Plur|PronType=Dem	ὁ	det	135
VI	135	Σένονες	NOUN	Nb	Case=Nom|Gender=Masc|Number=Plur	Σένονες	nsubj	136
VI	136	,	PUNCT	Z		,	ROOT	136
VI	137	οὔτε	CCONJ	C-		οὔτε	cc	139
VI	138	πατρίδας	NOUN	Nb	Case=Acc|Gender=Fem|Number=Plur	πατρίς	obj	139
VI	139	ἔχοντες	VERB	V-	Case=Nom|Gender=Masc|Number=Plur|Tense=Pres|VerbForm=Part|Voice=Act	ἔχω	advcl	136
VI	140	ἐς	ADP	R-		εἰς	case	141
VI	141	ἃς	PRON	Pr	Case=Acc|Gender=Fem|Number=Plur|PronType=Rel	ὅς	obl	142
VI	142	διαφύγωσιν	VERB	V-	Aspect=Perf|Mood=Sub|Number=Plur|Person=3|Tense=Past|VerbForm=Fin|Voice=Act	διαφεύγω	acl	138
VI	143	,	PUNCT	Z		,	cc	136
VI	144	ὀργιζόμενοί	VERB	V-	Case=Nom|Gender=Masc|Number=Plur|Tense=Pres|VerbForm=Part|Voice=Pass	ὀργιζόμενός	ROOT	144
VI	145	τε	CCONJ	C-		τε	cc	144
VI	146	τῶν	DET	S-	Case=Gen|Definite=Def|Number=Plur|PronType=Dem	ὁ	det	147
VI	147	γεγονότων	VERB	V-	Aspect=Perf|Case=Gen|Gender=Neut|Number=Plur|Tense=Past|VerbForm=Part|Voice=Act	γίγνομαι	dep	144
VI	148	,	PUNCT	Z		,	ROOT	148
VI	149	ἐνέπιπτον	VERB	V-	Aspect=Imp|Mood=Ind|Number=Plur|Person=3|Tense=Past|VerbForm=Fin|Voice=Act	ἐμπίπτω	ROOT	149
VI	150	τῷ	DET	S-	Case=Dat|Definite=Def|Gender=Masc|Number=Sing|PronType=Dem	ὁ	det	151
VI	151	Δομιτίῳ	PROPN	Ne	Case=Dat|Gender=Masc|Number=Sing	Δομιτίῳ	iobj	149
VI	152	καὶ	CCONJ	C-		καί	cc	149
VI	153	διεφθάρησαν	VERB	V-	Aspect=Perf|Mood=Ind|Number=Plur|Person=3|Tense=Past|VerbForm=Fin|Voice=Pass	διαφθείρω	conj	149
VI	154	πολλοί	ADJ	A-	Case=Nom|Degree=Pos|Gender=Masc|Number=Plur	πολύς	nsubj:pass	153
VI	155	.	PUNCT	Z		.	punct	149
VI	156	τὸ	DET	S-	Case=Acc|Definite=Def|Gender=Neut|Number=Sing|PronType=Dem	ὁ	det	158
VI	157	δὲ	ADV	Df		δέ	discourse	161
VI	158	λοιπὸν	ADJ	A-	Case=Acc|Degree=Pos|Gender=Neut|Number=Sing	λοιπός	advmod	161
VI	159	σφᾶς	PRON	Pp	Case=Acc|Gender=Masc|Number=Plur|Person=3|PronType=Prs	σφεῖς	obj	161
VI	160	αὐτοὺς	DET	Pd	Case=Acc|Gender=Masc|Number=Plur	αὐτός	det	159
VI	161	διεχρῶντο	VERB	V-	Aspect=Imp|Mood=Ind|Number=Plur|Person=3|Tense=Past|VerbForm=Fin|Voice=Mid	διεχρῶντο	ROOT	161
VI	162	μανικῶς	ADV	Df	Degree=Pos	μανικός	advmod	161
VI	163	.	PUNCT	Z		.	punct	161
VI	164	καὶ	CCONJ	C-		καί	cc	171
VI	165	δίκη	NOUN	Nb	Case=Nom|Gender=Fem|Number=Sing	δίκη	nsubj	171
VI	166	μὲν	ADV	Df		μέν	discourse	171
VI	167	ἥδε	DET	Pd	Case=Nom|Gender=Fem|Number=Sing	ὅδε	det	165
VI	168	παρανομίας	NOUN	Nb	Case=Gen|Gender=Fem|Number=Sing	παρανομία	nmod	165
VI	169	ἐς	ADP	R-		εἰς	case	170
VI	170	πρέσβεις	NOUN	Nb	Case=Acc|Gender=Masc|Number=Plur	πρέσβυς	nmod	168
VI	171	ἐγένετο	VERB	V-	Aspect=Perf|Mood=Ind|Number=Sing|Person=3|Tense=Past|VerbForm=Fin|Voice=Mid	γίγνομαι	ROOT	171
VI	172	Σένοσιν	NOUN	Ne	Case=Dat|Gender=Masc|Number=Plur	Σένομι	iobj	171
VI	173	.	PUNCT	Z		.	punct	171
VI	174	U.	PUNCT	Z		U.ς	ROOT	174
VI	175	p.	PUNCT	Z		p.	ROOT	175
VI	176	343.	PUNCT	Z		343.	ROOT	176
VII	0	ὅτι	SCONJ	G-		ὅτι	mark	6
VII	1	Κορνήλιος	PROPN	Ne	Case=Nom|Gender=Masc|Number=Sing	Κορνήλιος	nsubj	6
VII	2	ἐπὶ	ADP	R-		ἐπί	case	3
VII	3	καταφράκτων	ADJ	A-	Case=Gen|Degree=Pos|Gender=Fem|Number=Plur	κατάφρακτος	amod	5
VII	4	δεκα	NUM	Ma		δεκα	nummod	5
VII	5	νεῶν	NOUN	Nb	Case=Gen|Gender=Fem|Number=Plur	ναῦς	obl	6
VII	6	ἐθεᾶτο	VERB	V-	Aspect=Imp|Mood=Ind|Number=Sing|Person=3|Tense=Past|VerbForm=Fin|Voice=Mid	θεάομαι	ROOT	6
VII	7	τὴν	DET	S-	Case=Acc|Definite=Def|Gender=Fem|Number=Sing|PronType=Dem	ὁ	det	9
VII	8	μεγάλην	ADJ	A-	Case=Acc|Degree=Pos|Gender=Fem|Number=Sing	μέγας	amod	9
VII	9	Ἑλλάδα	PROPN	Ne	Case=Acc|Gender=Fem|Number=Sing	Ἑλλάς	obj	6
VII	10	,	PUNCT	Z		,	dep	6
VII	11	καί	CCONJ	C-		καί	cc	6
VII	12	τις	DET	Px	Case=Nom|Gender=Masc|Number=Sing	τίς	det	15
VII	13	ἐν	ADP	R-		ἐν	case	14
VII	14	Τάραντι	PROPN	Ne	Case=Dat|Gender=Masc|Number=Sing	Τάρας	nmod	15
VII	15	δημαγωγὸς	NOUN	Nb	Case=Nom|Gender=Masc|Number=Sing	δημαγωγός	nsubj	30
VII	16	Φιλόχαρις	PROPN	Ne	Case=Nom|Gender=Masc|Number=Sing	Φιλόχαρις	appos	15
VII	17	,	PUNCT	Z		,	appos	15
VII	18	αἰσχρῶς	ADV	Df	Degree=Pos	αἰσχρῶς	advmod	20
VII	19	τε	CCONJ	C-		τε	cc	20
VII	20	βεβιωκὼς	VERB	V-	Aspect=Perf|Case=Nom|Gender=Masc|Number=Sing|Tense=Past|VerbForm=Part|Voice=Act	βιόω	advcl	17
VII	21	καὶ	CCONJ	C-		καί	cc	20
VII	22	παρὰ	ADP	R-		παρά	case	23
VII	23	τοῦτο	ADJ	Pd	Case=Acc|Gender=Neut|Number=Sing	οὗτος	obl	24
VII	24	καλούμενος	VERB	V-	Case=Nom|Gender=Masc|Number=Sing|Tense=Pres|VerbForm=Part|Voice=Pass	καλέω	conj	20
VII	25	Θαΐς	PROPN	Ne	Case=Nom|Gender=Masc|Number=Sing	Θαΐς	xcomp	24
VII	26	,	PUNCT	Z		,	appos	15
VII	27	παλαιῶν	ADJ	A-	Case=Gen|Degree=Pos|Number=Plur	παλαιός	amod	29
VII	28	τοὺς	DET	S-	Case=Acc|Definite=Def|Gender=Masc|Number=Plur|PronType=Dem	ὁ	det	29
VII	29	Ταραντίνους	NOUN	Nb	Case=Acc|Gender=Masc|Number=Plur	Ταραντῖνος	obj	30
VII	30	ἀνεμίμνησκε	VERB	V-	Aspect=Imp|Mood=Ind|Number=Sing|Person=3|Tense=Past|VerbForm=Fin|Voice=Act	ἀναμιμνήσκω	conj	6
VII	31	συνθηκῶν	NOUN	Nb	Case=Gen|Gender=Fem|Number=Plur	συνθήκη	iobj	30
VII	32	,	PUNCT	Z		,	cc	6
VII	33	μὴ	ADV	Df	Polarity=Neg	μή	advmod	34
VII	34	πλεῖν	VERB	V-	Tense=Pres|VerbForm=Inf|Voice=Act	πλέω	ccomp	32
VII	35	Ῥωμαίους	ADJ	A-	Case=Acc|Degree=Pos|Gender=Masc|Number=Plur	Ῥωμαῖος	nsubj	34
VII	36	πρόσω	ADV	Df	Degree=Pos	πρόσω	advmod	34
VII	37	Λακινίας	PROPN	Ne	Case=Gen|Gender=Fem|Number=Sing	Λακινία	obl	34
VII	38	ἄκρας	PROPN	Ne	Case=Gen|Gender=Fem|Number=Sing	ἄκρα	appos	37
VII	39	,	PUNCT	Z		,	punct	6
VII	40	παροξύνας	VERB	V-	Aspect=Perf|Case=Nom|Gender=Masc|Number=Sing|Tense=Past|VerbForm=Part|Voice=Act	παροξύνω	advcl	42
VII	41	τε	CCONJ	C-		τε	cc	40
VII	42	ἔπεισεν	VERB	V-	Aspect=Perf|Mood=Ind|Number=Sing|Person=3|Tense=Past|VerbForm=Fin|Voice=Act	πείθω	ROOT	42
VII	43	ἐπαναχθῆναι	VERB	V-	Aspect=Perf|Tense=Past|VerbForm=Inf|Voice=Pass	ἐπαναχθῆναι	xcomp	42
VII	44	τῷ	DET	S-	Case=Dat|Definite=Def|Gender=Masc|Number=Sing|PronType=Dem	ὁ	det	45
VII	45	Κορνηλίῳ	PROPN	Ne	Case=Dat|Gender=Masc|Number=Sing	Κορνίληος	iobj	43
VII	46	.	PUNCT	Z		.	punct	42
VII	47	καὶ	CCONJ	C-		καί	cc	52
VII	48	τέσσαρας	NUM	Ma	Case=Acc|Gender=Fem|Number=Plur	τέσσαρες	dep	52
VII	49	μὲν	ADV	Df		μέν	discourse	52
VII	50	αὐτοῦ	PRON	Pp	Case=Gen|Gender=Masc|Number=Sing|Person=3|PronType=Prs	αὐτός	det	51
VII	51	ναῦς	NOUN	Nb	Case=Acc|Gender=Fem|Number=Plur	ναῦς	obj	52
VII	52	κατέδυσαν	VERB	V-	Aspect=Perf|Mood=Ind|Number=Plur|Person=3|Tense=Past|VerbForm=Fin|Voice=Act	καταδύω	ROOT	52
VII	53	οἱ	DET	S-	Case=Nom|Definite=Def|Gender=Masc|Number=Plur|PronType=Dem	ὁ	det	54
VII	54	Ταραντῖνοι	NOUN	Nb	Case=Nom|Gender=Masc|Number=Plur	Ταραντῖνος	nsubj	52
VII	55	,	PUNCT	Z		,	punct	52
VII	56	μίαν	NUM	Ma	Case=Acc|Gender=Fem|Number=Sing	εἷς	obj	58
VII	57	δὲ	ADV	Df		δέ	discourse	58
VII	58	ἔλαβον	VERB	V-	Aspect=Perf|Mood=Ind|Number=Plur|Person=3|Tense=Past|VerbForm=Fin|Voice=Act	λαμβάνω	ROOT	58
VII	59	αὐτοῖς	PRON	Pp	Case=Dat|Gender=Masc|Number=Plur|Person=3|PronType=Prs	αὐτός	det	60
VII	60	ἀνδράσιν	NOUN	Nb	Case=Dat|Gender=Masc|Number=Plur	ἀνήρ	iobj	58
VII	61	.	PUNCT	Z		.	punct	58
VII	62	ἔς	ADP	R-		εἰς	case	64
VII	63	τε	CCONJ	C-		τε	cc	75
VII	64	Θουρίους	ADJ	A-	Case=Acc|Degree=Pos|Gender=Masc|Number=Plur	Θούριος	obl	66
VII	65	ἐγκλήματα	NOUN	Nb	Case=Acc|Gender=Neut|Number=Plur	ἔγκλημα	obj	66
VII	66	ποιούμενοι	VERB	V-	Case=Nom|Gender=Masc|Number=Plur|Tense=Pres|VerbForm=Part|Voice=Mid	ποιέω	advcl	75
VII	67	ὅτι	SCONJ	G-		ὅτι	mark	72
VII	68	Ἕλληνες	NOUN	Nb	Case=Nom|Gender=Masc|Number=Plur	Ἕλλην	advcl	72
VII	69	ὄντες	AUX	V-	Case=Nom|Gender=Masc|Number=Plur|Tense=Pres|VerbForm=Part|Voice=Act	εἰμί	cop	68
VII	70	ἐπὶ	ADP	R-		ἐπί	case	71
VII	71	Ῥωμαίους	ADJ	A-	Case=Acc|Degree=Pos|Gender=Masc|Number=Plur	Ῥωμαῖος	obl	72
VII	72	κατέφυγον	VERB	V-	Aspect=Perf|Mood=Ind|Number=Plur|Person=3|Tense=Past|VerbForm=Fin|Voice=Act	καταφεύγω	acl	65
VII	73	ἀντὶ	ADP	R-		ἀντί	case	74
VII	74	σφῶν	PRON	Pp	Case=Gen|Gender=Masc|Number=Plur|Person=3|PronType=Prs	σφεῖς	obl	72
VII	75	,	PUNCT	Z		,	ROOT	75
VII	76	καὶ	CCONJ	C-		καί	cc	75
VII	77	παρελθεῖν	VERB	V-	Aspect=Perf|Tense=Past|VerbForm=Inf|Voice=Act	παρέρχομαι	dep	80
VII	78	αὐτοὺς	PRON	Pp	Case=Acc|Gender=Masc|Number=Plur|Person=3|PronType=Prs	αὐτός	obj	77
VII	79	ἐπέκεινα	ADV	Df		ἐπέκεινα	advmod	77
VII	80	αἴτιοι	ADJ	A-	Case=Nom|Degree=Pos|Gender=Masc|Number=Plur	αἴτιος	xcomp	82
VII	81	μάλιστα	ADV	Df	Degree=Sup	μάλα	advmod	80
VII	82	ἐγεγένηντο	VERB	V-	Mood=Ind|Number=Plur|Person=3|Tense=Pqp|VerbForm=Fin|Voice=Act	γίγνομαι	conj	75
VII	83	,	PUNCT	Z		,	punct	75
VII	84	τοὺς	DET	S-	Case=Acc|Definite=Def|Gender=Masc|Number=Plur|PronType=Dem	ὁ	det	86
VII	85	μὲν	ADV	Df		μέν	discourse	88
VII	86	ἐπιφανεῖς	ADJ	A-	Case=Acc|Degree=Pos|Gender=Masc|Number=Plur	ἐπιφανής	obj	88
VII	87	αὐτῶν	PRON	Pp	Case=Gen|Gender=Masc|Number=Plur|Person=3|PronType=Prs	αὐτός	det	86
VII	88	ἐξέβαλον	VERB	V-	Aspect=Perf|Mood=Ind|Number=Plur|Person=3|Tense=Past|VerbForm=Fin|Voice=Act	ἐκβάλλω	ROOT	88
VII	89	,	PUNCT	Z		,	conj	88
VII	90	τὴν	DET	S-	Case=Acc|Definite=Def|Gender=Fem|Number=Sing|PronType=Dem	ὁ	det	92
VII	91	δὲ	ADV	Df		δέ	discourse	93
VII	92	πόλιν	NOUN	Nb	Case=Acc|Gender=Fem|Number=Sing	πόλις	obj	93
VII	93	διήρπασαν	VERB	V-	Aspect=Perf|Mood=Ind|Number=Plur|Person=3|Tense=Past|VerbForm=Fin|Voice=Act	διαρπάζω	conj	88
VII	94	,	PUNCT	Z		,	dep	88
VII	95	καὶ	CCONJ	C-		καί	cc	88
VII	96	τοὺς	DET	S-	Case=Acc|Definite=Def|Gender=Masc|Number=Plur|PronType=Dem	ὁ	det	98
VII	97	Ῥωμαίων	ADJ	A-	Case=Gen|Degree=Pos|Gender=Masc|Number=Plur	Ῥωμαῖος	amod	98
VII	98	φρουροὺς	NOUN	Nb	Case=Acc|Gender=Masc|Number=Plur	φρουρός	obj	100
VII	99	ὑποσπόνδους	ADJ	A-	Case=Acc|Degree=Pos|Gender=Masc|Number=Plur	ὑπόσπονδος	advmod	100
VII	100	ἀφῆκαν	VERB	V-	Aspect=Perf|Mood=Ind|Number=Plur|Person=3|Tense=Past|VerbForm=Fin|Voice=Act	ἀφίημι	conj	88
VII	101	.	PUNCT	Z		.	punct	88
VII	102	Ῥωμαῖοι	ADJ	A-	Case=Nom|Degree=Pos|Gender=Masc|Number=Plur	Ῥωμαῖος	nsubj	109
VII	103	δὲ	ADV	Df		δέ	discourse	109
VII	104	τούτων	ADJ	Pd	Case=Gen|Gender=Neut|Number=Plur	οὗτος	iobj	105
VII	105	πυθόμενοι	VERB	V-	Aspect=Perf|Case=Nom|Gender=Masc|Number=Plur|Tense=Past|VerbForm=Part|Voice=Mid	πυνθάνομαι	advcl	109
VII	106	πρέσβεις	NOUN	Nb	Case=Acc|Gender=Masc|Number=Plur	πρέσβυς	obj	109
VII	107	ἐς	ADP	R-		εἰς	case	108
VII	108	Ταραντα	PROPN	Ne	Case=Acc|Gender=Masc|Number=Sing	Ταρας	obl	109
VII	109	πέμπουσι	VERB	V-	Mood=Ind|Number=Plur|Person=3|Tense=Pres|VerbForm=Fin|Voice=Act	πέμπω	ROOT	109
VII	110	,	PUNCT	Z		,	punct	109
VII	111	τοὺς	DET	S-	Case=Acc|Definite=Def|Gender=Masc|Number=Plur|PronType=Dem	ὁ	det	114
VII	112	μὲν	ADV	Df		μέν	discourse	114
VII	113	αἰχμαλώτους	NOUN	Nb	Case=Acc|Gender=Masc|Number=Plur	αἰχμάλωτος	obj	114
VII	114	κελεύοντες	VERB	V-	Case=Nom|Gender=Masc|Number=Plur|Tense=Pres|VerbForm=Part|Voice=Act	κελεύω	ROOT	114
VII	115	,	PUNCT	Z		,	ccomp	114
VII	116	οὓς	PRON	Pr	Case=Acc|Gender=Masc|Number=Plur|PronType=Rel	ὅς	obj	121
VII	117	οὐ	ADV	Df	Polarity=Neg	οὐ	advmod	118
VII	118	πολεμοῦντας	VERB	V-	Case=Acc|Gender=Masc|Number=Plur|Tense=Pres|VerbForm=Part|Voice=Act	πολεμόω	advcl	121
VII	119	ἀλλὰ	CCONJ	C-		ἀλλά	cc	118
VII	120	θεωμένους	VERB	V-	Case=Acc|Gender=Masc|Number=Plur|Tense=Pres|VerbForm=Part|Voice=Mid	θεάομαι	conj	118
VII	121	ἔλαβον	VERB	V-	Aspect=Perf|Mood=Ind|Number=Plur|Person=3|Tense=Past|VerbForm=Fin|Voice=Act	λαμβάνω	acl	115
VII	122	,	PUNCT	Z		,	ccomp	114
VII	123	ἀποδοῦναι	VERB	V-	Aspect=Perf|Tense=Past|VerbForm=Inf|Voice=Act	ἀποδίδωμι	ccomp	114
VII	124	,	PUNCT	Z		,	punct	114
VII	125	Θουρίων	ADJ	A-	Case=Gen|Degree=Pos|Gender=Masc|Number=Plur	Θούριος	obj	133
VII	126	δʼ	ADV	Df		δέ	discourse	125
VII	127	οὓς	PRON	Pr	Case=Acc|Gender=Masc|Number=Plur|PronType=Rel	ὅς	obj	128
VII	128	ἐξέβαλον	VERB	V-	Aspect=Perf|Mood=Ind|Number=Plur|Person=3|Tense=Past|VerbForm=Fin|Voice=Act	ἐκβάλλω	acl	125
VII	129	,	PUNCT	Z		,	advmod	133
VII	130	εἰς	ADP	R-		εἰς	case	132
VII	131	τὴν	DET	S-	Case=Acc|Definite=Def|Gender=Fem|Number=Sing|PronType=Dem	ὁ	det	132
VII	132	πόλιν	NOUN	Nb	Case=Acc|Gender=Fem|Number=Sing	πόλις	obl	133
VII	133	καταγαγεῖν	VERB	V-	Aspect=Perf|Tense=Past|VerbForm=Inf|Voice=Act	κατάγω	ROOT	133
VII	134	,	PUNCT	Z		,	punct	133
VII	135	ἅ	PRON	Pr	Case=Acc|Gender=Neut|Number=Plur|PronType=Rel	ὅς	obj	137
VII	136	τε	CCONJ	C-		τε	cc	137
VII	137	διηρπάκεσαν	VERB	V-	Aspect=Perf|Mood=Ind|Number=Plur|Person=3|Tense=Past|VerbForm=Fin|Voice=Act	διηρπάκεσαν	ROOT	137
VII	138	αὐτούς	PRON	Pp	Case=Acc|Gender=Masc|Number=Plur|Person=3|PronType=Prs	αὐτός	obj	137
VII	139	,	PUNCT	Z		,	advmod	137
VII	140	ἢ	CCONJ	C-		ἤ	ROOT	140
VII	141	τὴν	DET	S-	Case=Acc|Definite=Def|Gender=Fem|Number=Sing|PronType=Dem	ὁ	det	142
VII	142	ζημίαν	NOUN	Nb	Case=Acc|Gender=Fem|Number=Sing	ζημία	obj	146
VII	143	τῶν	DET	S-	Case=Gen|Definite=Def|Gender=Masc|Number=Plur|PronType=Dem	ὁ	det	144
VII	144	ἀπολομένων	VERB	V-	Aspect=Perf|Case=Gen|Gender=Masc|Number=Plur|Tense=Past|VerbForm=Part|Voice=Mid	ἀπόλλυμι	nmod	142
VII	145	,	PUNCT	Z		,	nmod	142
VII	146	ἀποτῖσαι	VERB	V-	Aspect=Perf|Tense=Past|VerbForm=Inf|Voice=Act	ἀποτίνω	ROOT	146
VII	147	,	PUNCT	Z		,	ROOT	147
VII	148	σφίσι	PRON	Pp	Case=Dat|Gender=Masc|Number=Plur|Person=3|PronType=Prs	σφεῖς	iobj	150
VII	149	δʼ	ADV	Df		δέ	discourse	150
VII	150	ἐκδοῦναι	VERB	V-	Aspect=Perf|Tense=Past|VerbForm=Inf|Voice=Act	ἐκδίδωμι	conj	147
VII	151	τοὺς	DET	S-	Case=Acc|Definite=Def|Gender=Masc|Number=Plur|PronType=Dem	ὁ	det	152
VII	152	αἰτίους	ADJ	A-	Case=Acc|Degree=Pos|Gender=Masc|Number=Plur	αἴτιος	obj	150
VII	153	τῆς	DET	S-	Case=Gen|Definite=Def|Gender=Fem|Number=Sing|PronType=Dem	ὁ	det	154
VII	154	παρανομίας	NOUN	Nb	Case=Gen|Gender=Fem|Number=Sing	παρανομία	nmod	152
VII	155	,	PUNCT	Z		,	advmod	150
VII	156	εἰ	SCONJ	G-		εἰ	mark	158
VII	157	Ῥωμαίων	ADJ	A-	Case=Gen|Degree=Pos|Gender=Masc|Number=Plur	Ῥωμαῖος	iobj	160
VII	158	ἐθέλουσιν	VERB	V-	Mood=Ind|Number=Plur|Person=3|Tense=Pres|VerbForm=Fin|Voice=Act	ἐθέλω	advcl	150
VII	159	εἶναι	AUX	V-	Tense=Pres|VerbForm=Inf|Voice=Act	εἰμί	cop	160
VII	160	φίλοι	NOUN	Nb	Case=Nom|Gender=Masc|Number=Plur	φίλος	xcomp	158
VII	161	.	PUNCT	Z		.	punct	150
VII	162	οἱ	PRON	Pp	Case=Nom|Gender=Masc|Number=Plur|Person=3|PronType=Prs	ὁ	det	171
VII	163	δὲ	ADV	Df		δέ	discourse	171
VII	164	τοὺς	DET	S-	Case=Acc|Definite=Def|Gender=Masc|Number=Plur|PronType=Dem	ὁ	det	165
VII	165	πρέσβεις	NOUN	Nb	Case=Acc|Gender=Masc|Number=Plur	πρέσβυς	obj	171
VII	166	μόλις	ADV	Df		μόλις	advmod	171
VII	167	ποτὲ	ADV	Df		ποτε	advmod	166
VII	168	ἐπὶ	ADP	R-		ἐπί	case	170
VII	169	τὸ	DET	S-	Case=Acc|Definite=Def|Gender=Neut|Number=Sing|PronType=Dem	ὁ	det	170
VII	170	κοινὸν	ADJ	A-	Case=Acc|Degree=Pos|Gender=Neut|Number=Sing	κοινός	obl	171
VII	171	ἐπήγαγον	VERB	V-	Aspect=Perf|Mood=Ind|Number=Plur|Person=3|Tense=Past|VerbForm=Fin|Voice=Act	ἐπήγαγος	advcl	150
VII	172	,	PUNCT	Z		,	advcl	150
VII	173	καὶ	CCONJ	C-		καί	cc	172
VII	174	ἐπελθόντας	VERB	V-	Aspect=Perf|Case=Acc|Gender=Masc|Number=Plur|Tense=Past|VerbForm=Part|Voice=Act	ἐπέρχομαι	advcl	175
VII	175	ἐχλεύαζον	VERB	V-	Aspect=Imp|Mood=Ind|Number=Plur|Person=3|Tense=Past|VerbForm=Fin|Voice=Act	χλευάζω	conj	172
VII	176	εἴ	SCONJ	G-		εἰ	mark	180
VII	177	τι	ADJ	Px	Case=Acc|Gender=Neut|Number=Sing	τίς	obl	180
VII	178	μὴ	ADV	Df	Polarity=Neg	μή	advmod	180
VII	179	καλῶς	ADV	Df	Degree=Pos	καλῶς	advmod	180
VII	180	ἑλληνίσειαν	VERB	V-	Aspect=Perf|Mood=Opt|Number=Plur|Person=3|Tense=Past|VerbForm=Fin|Voice=Act	ἑλληνίσεια	advcl	175
VII	181	·	PUNCT	Z		·	punct	150
VII	182	ἔσκωπτον	VERB	V-	Aspect=Imp|Mood=Ind|Number=Plur|Person=3|Tense=Past|VerbForm=Fin|Voice=Act	σκώπτω	ROOT	182
VII	183	δὲ	ADV	Df		δέ	discourse	182
VII	184	καὶ	CCONJ	C-		καί	cc	186
VII	185	τὴν	DET	S-	Case=Acc|Definite=Def|Gender=Fem|Number=Sing|PronType=Dem	ὁ	det	186
VII	186	στολὴν	NOUN	Nb	Case=Acc|Gender=Fem|Number=Sing	στολή	obj	182
VII	187	αὐτῶν	PRON	Pp	Case=Gen|Gender=Masc|Number=Plur|Person=3|PronType=Prs	αὐτός	det	186
VII	188	καὶ	CCONJ	C-		καί	cc	186
VII	189	τὸ	DET	S-	Case=Acc|Definite=Def|Gender=Neut|Number=Sing|PronType=Dem	ὁ	det	190
VII	190	ἐπιπόρφυρον	ADJ	A-	Case=Acc|Degree=Pos|Gender=Neut|Number=Sing	ἐπιπόρφυρος	conj	186
VII	191	.	PUNCT	Z		.	punct	182
VII	192	Φιλωνίδης	PROPN	Ne	Case=Nom|Gender=Masc|Number=Sing	Φιλωνίδης	nsubj	200
VII	193	δέ	ADV	Df		δέ	discourse	200
VII	194	τις	DET	Px	Case=Nom|Gender=Masc|Number=Sing	τίς	det	192
VII	195	,	PUNCT	Z		,	det	196
VII	196	ἀνὴρ	NOUN	Nb	Case=Nom|Gender=Masc|Number=Sing	ἀνήρ	appos	192
VII	197	γελοῖος	ADJ	A-	Case=Nom|Degree=Pos|Gender=Masc|Number=Sing	γέλοιος	amod	196
VII	198	καὶ	CCONJ	C-		καί	cc	197
VII	199	φιλοσκώμμων	ADJ	A-	Case=Nom|Degree=Pos|Gender=Masc|Number=Sing	φιλοσκώμμων	conj	197
VII	200	,	PUNCT	Z		,	amod	201
VII	201	Ποστουμίῳ	PROPN	Ne	Case=Dat|Gender=Masc|Number=Sing	Ποστούμιος	nsubj:pass	207
VII	202	τῷ	DET	S-	Case=Dat|Definite=Def|Gender=Masc|Number=Sing|PronType=Dem	ὁ	det	205
VII	203	τῆς	DET	S-	Case=Gen|Definite=Def|Gender=Fem|Number=Sing|PronType=Dem	ὁ	det	204
VII	204	πρεσβείας	NOUN	Nb	Case=Gen|Gender=Fem|Number=Sing	πρεσβεία	nmod	205
VII	205	ἡγουμένῳ	VERB	V-	Case=Dat|Gender=Masc|Number=Sing|Tense=Pres|VerbForm=Part|Voice=Mid	ἡγέομαι	appos	201
VII	206	προσελθὼν	VERB	V-	Aspect=Perf|Case=Nom|Gender=Masc|Number=Sing|Tense=Past|VerbForm=Part|Voice=Act	προσέρχομαι	advcl	207
VII	207	ἀπεστράφη	VERB	V-	Aspect=Perf|Mood=Ind|Number=Sing|Person=3|Tense=Past|VerbForm=Fin|Voice=Pass	ἀποστρέφω	ROOT	207
VII	208	τε	CCONJ	C-		τε	cc	207
VII	209	,	PUNCT	Z		,	dep	207
VII	210	καὶ	CCONJ	C-		καί	cc	207
VII	211	ἐπικύψας	VERB	V-	Aspect=Perf|Case=Nom|Gender=Masc|Number=Sing|Tense=Past|VerbForm=Part|Voice=Act	ἐπικύπω	advcl	214
VII	212	τὴν	DET	S-	Case=Acc|Definite=Def|Gender=Fem|Number=Sing|PronType=Dem	ὁ	det	213
VII	213	ἐσθῆτα	NOUN	Nb	Case=Acc|Gender=Fem|Number=Sing	ἐσθής	obj	211
VII	214	ἀνεσύρατο	VERB	V-	Aspect=Perf|Mood=Ind|Number=Sing|Person=3|Tense=Past|VerbForm=Fin|Voice=Mid	ἀνεσύρημι	conj	207
VII	215	τὴν	DET	S-	Case=Acc|Definite=Def|Gender=Fem|Number=Sing|PronType=Dem	ὁ	det	213
VII	216	ἑαυτοῦ	PRON	Pk	Case=Gen|Gender=Masc|Number=Sing|Person=3|PronType=Prs|Reflex=Yes	ἑαυτοῦ	det	213
VII	217	,	PUNCT	Z		,	dep	207
VII	218	καὶ	CCONJ	C-		καί	cc	207
VII	219	τοῦ	DET	S-	Case=Gen|Definite=Def|Gender=Masc|Number=Sing|PronType=Dem	ὁ	det	220
VII	220	πρεσβευτοῦ	NOUN	Nb	Case=Gen|Gender=Masc|Number=Sing	πρεσβευτής	iobj	221
VII	221	κατησχημόνησεν	VERB	V-	Aspect=Perf|Mood=Ind|Number=Sing|Person=3|Tense=Past|VerbForm=Fin|Voice=Act	κατησχημόνησεν	conj	207
VII	222	.	PUNCT	Z		.	punct	207
VII	223	καὶ	CCONJ	C-		καί	cc	227
VII	224	τὸ	DET	S-	Case=Nom|Definite=Def|Gender=Neut|Number=Sing|PronType=Dem	ὁ	det	226
VII	225	μὲν	ADV	Df		μέν	discourse	227
VII	226	θέατρον	NOUN	Nb	Case=Acc|Gender=Neut|Number=Sing	θέατρον	nsubj	227
VII	227	ἔπαιζεν	VERB	V-	Aspect=Imp|Mood=Ind|Number=Sing|Person=3|Tense=Past|VerbForm=Fin|Voice=Act	παίζω	ROOT	227
VII	228	ὡς	ADV	Df		ὡς	advmod	227
VII	229	ἐπὶ	ADP	R-		ἐπί	case	230
VII	230	γελοίῳ	ADJ	A-	Case=Dat|Degree=Pos|Gender=Neut|Number=Sing	γέλοιος	obl	228
VII	231	,	PUNCT	Z		,	punct	227
VII	232	Ποστούμιος	PROPN	Ne	Case=Nom|Gender=Masc|Number=Sing	Ποστούμιος	nsubj	237
VII	233	δὲ	ADV	Df		δέ	discourse	232
VII	234	προτείνας	VERB	V-	Aspect=Perf|Case=Nom|Gender=Masc|Number=Sing|Tense=Past|VerbForm=Part|Voice=Act	προτείνω	advcl	237
VII	235	τὸ	DET	S-	Case=Acc|Definite=Def|Gender=Neut|Number=Sing|PronType=Dem	ὁ	det	236
VII	236	μεμολυσμένον	VERB	V-	Aspect=Perf|Case=Acc|Gender=Neut|Number=Sing|Tense=Past|VerbForm=Part|Voice=Pass	μεμολυσμένος	obj	234
VII	237	,	PUNCT	Z		,	ROOT	237
VII	238	ἐκπλυνεῖτε	VERB	V-	Mood=Ind|Number=Plur|Person=2|Tense=Fut|VerbForm=Fin|Voice=Act	ἐκπλυνέω	ROOT	238
VII	239	,	PUNCT	Z		,	advmod	238
VII	240	ἔφη	VERB	V-	Aspect=Imp|Mood=Ind|Number=Sing|Person=3|Tense=Past|VerbForm=Fin|Voice=Act	φημί	ROOT	240
VII	241	,	PUNCT	Z		,	dislocated	240
VII	242	τοῦτο	ADJ	Pd	Case=Acc|Gender=Neut|Number=Sing	οὗτος	ROOT	242
VII	243	αἵματι	NOUN	Nb	Case=Dat|Gender=Neut|Number=Sing	αἷμα	nmod	242
VII	244	πολλῷ	ADJ	A-	Case=Dat|Degree=Pos|Gender=Masc,Neut|Number=Sing	πολύς	amod	243
VII	245	,	PUNCT	Z		,	iobj	247
VII	246	τοιούτοις	DET	Pd	Case=Dat|Gender=Masc|Number=Plur	τοιοῦτος	det	245
VII	247	ἀρεσκόμενοι	VERB	V-	Case=Nom|Gender=Masc|Number=Plur|Tense=Pres|VerbForm=Part|Voice=Mid	ἀρεσκόμενος	ROOT	247
VII	248	γέλωσιν	NOUN	Nb	Case=Dat|Gender=Masc|Number=Plur	γέλωσιν	iobj	247
VII	249	.	PUNCT	Z		.	punct	247
VII	250	καὶ	CCONJ	C-		καί	cc	255
VII	251	οὐδὲν	ADJ	Px	Case=Acc|Gender=Neut|Number=Sing	οὐδείς	obj	254
VII	252	τῶν	DET	S-	Case=Gen|Definite=Def|Gender=Masc|Number=Plur|PronType=Dem	ὁ	det	253
VII	253	Ταραντίνων	NOUN	Nb	Case=Gen|Gender=Masc|Number=Plur	Ταραντῖνος	nsubj	254
VII	254	ἀποκριναμένων	VERB	V-	Aspect=Perf|Case=Gen|Gender=Masc|Number=Plur|Tense=Past|VerbForm=Part|Voice=Mid	ἀποκρίνω	advcl	255
VII	255	ἀπῆλθον	VERB	V-	Aspect=Perf|Mood=Ind|Number=Plur|Person=3|Tense=Past|VerbForm=Fin|Voice=Act	ἀπέρχομαι	ROOT	255
VII	256	οἱ	DET	S-	Case=Nom|Definite=Def|Gender=Masc|Number=Plur|PronType=Dem	ὁ	det	257
VII	257	πρέσβεις	NOUN	Nb	Case=Nom|Gender=Masc|Number=Plur	πρέσβυς	nsubj	255
VII	258	.	PUNCT	Z		.	punct	255
VII	259	ὁ	DET	S-	Case=Nom|Definite=Def|Gender=Masc|Number=Sing|PronType=Dem	ὁ	det	261
VII	260	δὲ	ADV	Df		δέ	discourse	269
VII	261	Ποστούμιος	PROPN	Ne	Case=Nom|Gender=Masc|Number=Sing	Ποστούμιος	nsubj	269
VII	262	τὴν	DET	S-	Case=Acc|Definite=Def|Gender=Fem|Number=Sing|PronType=Dem	ὁ	det	263
VII	263	ὕβριν	NOUN	Nb	Case=Acc|Gender=Fem|Number=Sing	ὕβρις	obj	268
VII	264	ἐκ	ADP	R-		ἐκ	case	266
VII	265	τῆς	DET	S-	Case=Gen|Definite=Def|Gender=Fem|Number=Sing|PronType=Dem	ὁ	det	266
VII	266	ἐσθῆτος	NOUN	Nb	Case=Gen|Gender=Fem|Number=Sing	ἐσθής	obl	268
VII	267	οὐκ	ADV	Df	Polarity=Neg	οὐ	advmod	268
VII	268	ἀποπλύνας	VERB	V-	Aspect=Perf|Case=Nom|Gender=Masc|Number=Sing|Tense=Past|VerbForm=Part|Voice=Act	ἀποπλύνω	advcl	269
VII	269	ἐπέδειξε	VERB	V-	Aspect=Perf|Mood=Ind|Number=Sing|Person=3|Tense=Past|VerbForm=Fin|Voice=Act	ἐπιδείκνυμι	ROOT	269
VII	270	Ῥωμαίοις	ADJ	A-	Case=Dat|Degree=Pos|Gender=Masc|Number=Plur	Ῥωμαῖος	iobj	269
VII	271	,	PUNCT	Z		,	parataxis	269
VII	272	καὶ	CCONJ	C-		καί	cc	269
VII	273	ὁ	DET	S-	Case=Nom|Definite=Def|Gender=Masc|Number=Sing|PronType=Dem	ὁ	det	274
VII	274	δῆμος	NOUN	Nb	Case=Nom|Gender=Masc|Number=Sing	δῆμος	nsubj	279
VII	275	ἀγανακτῶν	VERB	V-	Case=Nom|Gender=Masc|Number=Sing|Tense=Pres|VerbForm=Part|Voice=Act	ἀγανακτέω	advcl	279
VII	276	Αἰμιλίῳ	PROPN	Ne	Case=Dat|Gender=Masc|Number=Sing	Αἰμιλίῳ	iobj	279
VII	277	πολεμοῦντι	VERB	V-	Case=Dat|Gender=Masc|Number=Sing|Tense=Pres|VerbForm=Part|Voice=Act	πολεμόω	advcl	279
VII	278	Σαυνίταις	NOUN	Nb	Case=Dat|Gender=Masc|Number=Plur	Σαυνίτης	iobj	277
VII	279	ἐπέστειλε	VERB	V-	Aspect=Perf|Mood=Ind|Number=Sing|Person=3|Tense=Past|VerbForm=Fin|Voice=Act	ἐπιστέλλω	conj	269
VII	280	τὰ	DET	S-	Case=Acc|Definite=Def|Gender=Neut|Number=Plur|PronType=Dem	ὁ	det	286
VII	281	μὲν	ADV	Df		μέν	discourse	286
VII	282	Σαυνιτῶν	NOUN	Nb	Case=Gen|Gender=Masc|Number=Plur	Σαυνῖται	nmod	286
VII	283	ἐν	ADP	R-		ἐν	case	285
VII	284	τῷ	DET	S-	Case=Dat|Definite=Def|Gender=Neut|Number=Sing|PronType=Dem	ὁ	det	285
VII	285	παρόντι	VERB	V-	Aspect=Perf|Case=Dat|Gender=Neut|Number=Sing|Tense=Past|VerbForm=Part|Voice=Act	πάρειμι	obl	286
VII	286	ἐᾶν	VERB	V-	Tense=Pres|VerbForm=Inf|Voice=Act	ἐάω	xcomp	279
VII	287	,	PUNCT	Z		,	punct	269
VII	288	εἰς	ADP	R-		εἰς	case	291
VII	289	δὲ	ADV	Df		δέ	discourse	292
VII	290	τὴν	DET	S-	Case=Acc|Definite=Def|Gender=Fem|Number=Sing|PronType=Dem	ὁ	det	291
VII	291	Ταραντίνων	NOUN	Nb	Case=Gen|Gender=Masc|Number=Plur	Ταραντῖνος	obl	292
VII	292	εἰσβάλλειν	VERB	V-	Tense=Pres|VerbForm=Inf|Voice=Act	εἰσβάλλω	ROOT	292
VII	293	,	PUNCT	Z		,	punct	292
VII	294	καὶ	CCONJ	C-		καί	ROOT	294
VII	295	αὐτοὺς	PRON	Pp	Case=Acc|Gender=Masc|Number=Plur|Person=3|PronType=Prs	αὐτός	ROOT	295
VII	296	ἐφʼ	ADP	R-		ἐπί	case	297
VII	297	οἷς	PRON	Pr	Case=Dat|Gender=Neut|Number=Plur|PronType=Rel	ὅς	obl	298
VII	298	ἠξίουν	VERB	V-	Aspect=Imp|Mood=Ind|Number=Plur|Person=3|Tense=Past|VerbForm=Fin|Voice=Act	ἀξιόω	acl	295
VII	299	οἱ	DET	S-	Case=Nom|Definite=Def|Gender=Masc|Number=Plur|PronType=Dem	ὁ	det	300
VII	300	πρέσβεις	NOUN	Nb	Case=Acc|Gender=Masc|Number=Plur	πρέσβυς	nsubj	298
VII	301	ἐς	ADP	R-		εἰς	case	302
VII	302	διαλλαγὰς	NOUN	Nb	Case=Acc|Gender=Fem|Number=Plur	διαλλαγή	obl	303
VII	303	προκαλέσασθαι	VERB	V-	Aspect=Perf|Tense=Past|VerbForm=Inf|Voice=Mid	προκαλέω	xcomp	298
VII	304	,	PUNCT	Z		,	ROOT	304
VII	305	ἂν	SCONJ	G-		ἄν	mark	307
VII	306	δʼ	ADV	Df		δέ	discourse	307
VII	307	ἀπειθῶσι	VERB	V-	Mood=Sub|Number=Plur|Person=3|Tense=Pres|VerbForm=Fin|Voice=Act	ἀπειθέω	advcl	308
VII	308	,	PUNCT	Z		,	ROOT	308
VII	309	πολεμεῖν	VERB	V-	Tense=Pres|VerbForm=Inf|Voice=Act	πολεμέω	conj	308
VII	310	κατὰ	ADP	R-		κατά	case	311
VII	311	κράτος	NOUN	Nb	Case=Acc|Gender=Neut|Number=Sing	κράτος	obl	309
VII	312	.	PUNCT	Z		.	punct	308
VII	313	ὁ	PRON	Pp	Case=Nom|Gender=Masc|Number=Sing|Person=3|PronType=Prs	ὁ	nsubj	317
VII	314	μὲν	ADV	Df		μέν	discourse	317
VII	315	δὴ	ADV	Df		δή	discourse	317
VII	316	τάδε	ADJ	Pd	Case=Acc|Gender=Neut|Number=Plur	ὅδε	obj	317
VII	317	προύτεινε	VERB	V-	Aspect=Imp|Mood=Ind|Number=Sing|Person=3|Tense=Past|VerbForm=Fin|Voice=Act	προτείνω	ROOT	317
VII	318	τοῖς	DET	S-	Case=Dat|Definite=Def|Gender=Masc|Number=Plur|PronType=Dem	ὁ	det	319
VII	319	Ταραντίνοις	NOUN	Nb	Case=Dat|Gender=Masc|Number=Plur	Ταραντῖνος	iobj	317
VII	320	,	PUNCT	Z		,	punct	317
VII	321	οἱ	PRON	Pp	Case=Nom|Gender=Masc|Number=Plur|Person=3|PronType=Prs	ὁ	nsubj	324
VII	322	δὲ	ADV	Df		δέ	discourse	324
VII	323	οὐκ	ADV	Df	Polarity=Neg	οὐ	advmod	324
VII	324	ἐγέλων	VERB	V-	Aspect=Imp|Mood=Ind|Number=Plur|Person=3|Tense=Past|VerbForm=Fin|Voice=Act	γελάω	ROOT	324
VII	325	ἔτι	ADV	Df		ἔτι	advmod	328
VII	326	τὴν	DET	S-	Case=Acc|Definite=Def|Gender=Fem|Number=Sing|PronType=Dem	ὁ	det	327
VII	327	στρατιὰν	NOUN	Nb	Case=Acc|Gender=Fem|Number=Sing	στρατιά	obj	328
VII	328	ὁρῶντες	VERB	V-	Case=Nom|Gender=Masc|Number=Plur|Tense=Pres|VerbForm=Part|Voice=Act	ὁράω	advcl	324
VII	329	,	PUNCT	Z		,	parataxis	324
VII	330	ἀλλʼ	CCONJ	C-		ἀλλά	cc	324
VII	331	ἐγίγνοντο	VERB	V-	Aspect=Imp|Mood=Ind|Number=Plur|Person=3|Tense=Past|VerbForm=Fin|Voice=Mid	γίγνομαι	conj	324
VII	332	ταῖς	DET	S-	Case=Dat|Definite=Def|Gender=Fem|Number=Plur|PronType=Dem	ὁ	det	333
VII	333	γνώμαις	NOUN	Nb	Case=Dat|Gender=Fem|Number=Plur	γνώμη	obl	331
VII	334	ἀγχώμαλοι	ADJ	A-	Case=Nom|Degree=Pos|Gender=Masc|Number=Plur	ἀγχώμαλος	xcomp	331
VII	335	,	PUNCT	Z		,	punct	324
VII	336	μέχρι	SCONJ	G-		μέχρι	mark	341
VII	337	τις	ADJ	Px	Case=Nom|Gender=Masc|Number=Sing	τίς	nsubj	341
VII	338	ἀποροῦσι	VERB	V-	Case=Dat|Gender=Masc|Number=Plur|Tense=Pres|VerbForm=Part|Voice=Act	ἀπορέω	advcl	341
VII	339	καὶ	CCONJ	C-		καί	cc	338
VII	340	βουλευομένοις	VERB	V-	Case=Dat|Gender=Masc|Number=Plur|Tense=Pres|VerbForm=Part|Voice=Mid	βουλεύω	conj	338
VII	341	ἔφη	VERB	V-	Aspect=Imp|Mood=Ind|Number=Sing|Person=3|Tense=Past|VerbForm=Fin|Voice=Act	φημί	ROOT	341
VII	342	,	PUNCT	Z		,	ccomp	341
VII	343	τὸ	DET	S-	Case=Acc|Definite=Def|Gender=Neut|Number=Sing|PronType=Dem	ὁ	det	345
VII	344	μὲν	ADV	Df		μέν	discourse	345
VII	345	ἐκδοῦναί	VERB	V-	Aspect=Perf|Tense=Past|VerbForm=Inf|Voice=Act	ἐκδοῦνή	ROOT	345
VII	346	τινας	ADJ	Px	Case=Acc|Gender=Masc|Number=Plur	τίς	nsubj	345
VII	347	ἤδη	ADV	Df		ἤδη	advmod	348
VII	348	δεδουλωμένων	VERB	V-	Aspect=Perf|Case=Gen|Gender=Masc|Number=Plur|Tense=Past|VerbForm=Part|Voice=Pass	δεδουλωμένω	advcl	345
VII	349	εἶναι	AUX	V-	Tense=Pres|VerbForm=Inf|Voice=Act	εἰμί	cop	345
VII	350	,	PUNCT	Z		,	punct	345
VII	351	τὸ	DET	S-	Case=Acc|Definite=Def|Gender=Neut|Number=Sing|PronType=Dem	ὁ	det	353
VII	352	δὲ	ADV	Df		δέ	discourse	355
VII	353	πολεμεῖν	VERB	V-	Tense=Pres|VerbForm=Inf|Voice=Act	πολεμέω	nsubj	355
VII	354	μόνους	ADJ	A-	Case=Acc|Degree=Pos|Gender=Masc|Number=Plur	μόνος	appos	353
VII	355	ἐπισφαλές	ADJ	A-	Case=Nom|Degree=Pos|Gender=Neut|Number=Sing	ἐπισφαλής	ROOT	355
VII	356	.	PUNCT	Z		.	punct	355
VII	357	εἰ	SCONJ	G-		εἰ	mark	363
VII	358	δὲ	ADV	Df		δέ	discourse	368
VII	359	καὶ	ADV	Df		καί	advmod	363
VII	360	τῆς	DET	S-	Case=Gen|Definite=Def|Gender=Fem|Number=Sing|PronType=Dem	ὁ	det	361
VII	361	ἐλεὺθερίας	NOUN	Nb	Case=Gen|Gender=Fem|Number=Sing	ἐλεὺθερία	iobj	362
VII	362	ἐγκρατῶς	ADV	Df	Degree=Pos	ἐγκρατής	advmod	363
VII	363	ἑξόμεθα	VERB	V-	Aspect=Perf|Mood=Ind|Number=Plur|Person=1|Tense=Past|VerbForm=Fin|Voice=Act	ἑξόμεθα	advcl	368
VII	364	καὶ	CCONJ	C-		καί	cc	363
VII	365	πολεμήσομεν	VERB	V-	Mood=Ind|Number=Plur|Person=1|Tense=Fut|VerbForm=Fin|Voice=Act	πολεμέω	conj	363
VII	366	ἐξ	ADP	R-		ἐκ	case	367
VII	367	ἴσου	ADJ	A-	Case=Gen|Degree=Pos|Gender=Neut|Number=Sing	ἴσος	advmod	365
VII	368	,	PUNCT	Z		,	ROOT	368
VII	369	Πύρρον	PROPN	Ne	Case=Acc|Gender=Masc|Number=Sing	Πύρρος	obj	374
VII	370	ἐξ	ADP	R-		ἐκ	case	371
VII	371	Ἠπείρου	NOUN	Nb	Case=Gen|Gender=Fem|Number=Sing	Ἤπειρος	nmod	373
VII	372	τὸν	DET	S-	Case=Acc|Definite=Def|Gender=Masc|Number=Sing|PronType=Dem	ὁ	det	373
VII	373	βασιλέα	NOUN	Nb	Case=Acc|Gender=Masc|Number=Sing	βασιλεύς	appos	369
VII	374	καλῶμεν	VERB	V-	Aspect=Perf|Mood=Sub|Number=Plur|Person=1|Tense=Past|VerbForm=Fin|Voice=Act	καλέω	ROOT	374
VII	375	,	PUNCT	Z		,	punct	374
VII	376	καὶ	CCONJ	C-		καί	ROOT	376
VII	377	στρατηγὸν	NOUN	Nb	Case=Acc|Gender=Masc|Number=Sing	στρατηγός	xcomp	378
VII	378	ἀποφήνωμεν	VERB	V-	Aspect=Perf|Mood=Sub|Number=Plur|Person=1|Tense=Past|VerbForm=Fin|Voice=Act	ἀποφαίνω	ROOT	378
VII	379	τοῦδε	DET	Pd	Case=Gen|Gender=Masc|Number=Sing	ὅδε	det	381
VII	380	τοῦ	DET	S-	Case=Gen|Definite=Def|Gender=Masc|Number=Sing|PronType=Dem	ὁ	det	381
VII	381	πολέμου	NOUN	Nb	Case=Gen|Gender=Masc|Number=Sing	πόλεμος	dep	378
VII	382	.	PUNCT	Z		.	punct	378
VII	383	ὃ	PRON	Pr	Case=Nom|Gender=Neut|Number=Sing|PronType=Rel	ὁ	nsubj	385
VII	384	καὶ	ADV	Df		καί	advmod	385
VII	385	γέγονεν	VERB	V-	Aspect=Perf|Mood=Ind|Number=Sing|Person=3|Tense=Past|VerbForm=Fin|Voice=Act	γίγνομαι	ROOT	385
VII	386	.	PUNCT	Z		.	punct	385
VII	387	U.	PUNCT	Z		U.ς	ROOT	387
VII	388	p.	PUNCT	Z		p.	ROOT	388
VII	389	343.	PUNCT	Z		343.	ROOT	389
VIII	0	Οτι	SCONJ	G-		Οτις	advmod	13
VIII	1	μετὰ	ADP	R-		μετά	case	3
VIII	2	τὸ	DET	S-	Case=Acc|Definite=Def|Gender=Neut|Number=Sing|PronType=Dem	ὁ	det	3
VIII	3	ναυάγιον	NOUN	Nb	Case=Acc|Gender=Neut|Number=Sing	ναυάγιον	obl	13
VIII	4	ὁ	DET	S-	Case=Nom|Definite=Def|Gender=Masc|Number=Sing|PronType=Dem	ὁ	det	5
VIII	5	Πύρρος	PROPN	Ne	Case=Nom|Gender=Masc|Number=Sing	Πύρρος	nsubj	13
VIII	6	ὁ	DET	S-	Case=Nom|Definite=Def|Gender=Masc|Number=Sing|PronType=Dem	ὁ	det	7
VIII	7	βασιλεὺς	NOUN	Nb	Case=Nom|Gender=Masc|Number=Sing	βασιλεύς	appos	5
VIII	8	τῆς	DET	S-	Case=Gen|Definite=Def|Gender=Fem|Number=Sing|PronType=Dem	ὁ	det	9
VIII	9	Ἠπείρου	NOUN	Nb	Case=Gen|Gender=Fem|Number=Sing	Ἤπειρος	nmod	7
VIII	10	ἐς	ADP	R-		εἰς	case	12
VIII	11	τὸν	DET	S-	Case=Acc|Definite=Def|Gender=Masc|Number=Sing|PronType=Dem	ὁ	det	12
VIII	12	Τάραντα	PROPN	Ne	Case=Acc|Gender=Masc|Number=Sing	Τάρας	obl	13
VIII	13	κατήγετο	VERB	V-	Aspect=Perf|Mood=Ind|Number=Sing|Person=3|Tense=Past|VerbForm=Fin|Voice=Mid	κατάγω	ROOT	13
VIII	14	,	PUNCT	Z		,	amod	5
VIII	15	καὶ	CCONJ	C-		καί	ROOT	15
VIII	16	οἱ	DET	S-	Case=Nom|Definite=Def|Gender=Masc|Number=Plur|PronType=Dem	ὁ	det	17
VIII	17	Ταραντῖνοι	NOUN	Nb	Case=Nom|Gender=Masc|Number=Plur	Ταραντῖνος	nsubj	22
VIII	18	τότε	ADV	Df		τότε	advmod	22
VIII	19	μάλιστα	ADV	Df	Degree=Sup	μάλα	advmod	22
VIII	20	τοὺς	DET	S-	Case=Acc|Definite=Def|Gender=Masc|Number=Plur|PronType=Dem	ὁ	det	21
VIII	21	βασιλικοὺς	ADJ	A-	Case=Acc|Degree=Pos|Gender=Masc|Number=Plur	βασιλικός	obj	22
VIII	22	ἐβαρύνοντο	VERB	V-	Aspect=Imp|Mood=Ind|Number=Plur|Person=3|Tense=Past|VerbForm=Fin|Voice=Mid	βαρύνω	ROOT	22
VIII	23	,	PUNCT	Z		,	iobj	22
VIII	24	ἐσοικιζομένους	VERB	V-	Case=Acc|Gender=Masc|Number=Plur|Tense=Pres|VerbForm=Part|Voice=Mid	ἐσοικιζομένους	advcl	22
VIII	25	τε	CCONJ	C-		τε	cc	24
VIII	26	παρὰ	ADP	R-		παρά	case	27
VIII	27	σφᾶς	PRON	Pp	Case=Acc|Gender=Masc|Number=Plur|Person=3|PronType=Prs	σφεῖς	obl	24
VIII	28	βίᾳ	NOUN	Df	Case=Dat|Gender=Fem|Number=Sing	βία	advmod	24
VIII	29	,	PUNCT	Z		,	appos	17
VIII	30	καὶ	CCONJ	C-		καί	cc	29
VIII	31	φανερῶς	ADV	Df	Degree=Pos	φανερῶς	advmod	32
VIII	32	ἐνυβρίζοντας	VERB	V-	Case=Acc|Gender=Masc|Number=Plur|Tense=Pres|VerbForm=Part|Voice=Act	ἐνυβρίζω	conj	29
VIII	33	ταῖς	DET	S-	Case=Dat|Definite=Def|Gender=Fem|Number=Plur|PronType=Dem	ὁ	det	35
VIII	34	αὐτῶν	PRON	Pp	Case=Gen|Gender=Masc|Number=Plur|Person=3|PronType=Prs	αὐτός	det	35
VIII	35	γυναιξὶ	NOUN	Nb	Case=Dat|Gender=Fem|Number=Plur	γυνή	iobj	32
VIII	36	καὶ	CCONJ	C-		καί	cc	35
VIII	37	παισίν	NOUN	Nb	Case=Dat|Gender=Masc|Number=Plur	παῖς	conj	35
VIII	38	.	PUNCT	Z		.	punct	22
VIII	39	ὡς	SCONJ	G-		ὡς	mark	57
VIII	40	δὲ	ADV	Df		δέ	discourse	58
VIII	41	καὶ	ADV	Df		καί	advmod	50
VIII	42	τὰ	DET	S-	Case=Acc|Definite=Def|Gender=Neut|Number=Plur|PronType=Dem	ὁ	det	43
VIII	43	συσσίτια	NOUN	Nb	Case=Acc|Gender=Neut|Number=Plur	συσσίτιον	nmod	50
VIII	44	σφῶν	PRON	Pp	Case=Gen|Gender=Masc|Number=Plur|Person=3|PronType=Prs	σφεῖς	det	43
VIII	45	ὁ	DET	S-	Case=Nom|Definite=Def|Gender=Masc|Number=Sing|PronType=Dem	ὁ	det	46
VIII	46	Πύρρος	PROPN	Ne	Case=Nom|Gender=Masc|Number=Sing	Πύρρος	nsubj	50
VIII	47	καὶ	CCONJ	C-		καί	dep	50
VIII	48	τὰς	DET	S-	Case=Acc|Definite=Def|Gender=Fem|Number=Plur|PronType=Dem	ὁ	det	50
VIII	49	ἄλλας	ADJ	A-	Case=Acc|Degree=Pos|Gender=Fem|Number=Plur	ἄλλος	amod	50
VIII	50	συνόδους	NOUN	Nb	Case=Acc|Gender=Fem|Number=Plur	σύνοδος	obj	57
VIII	51	καὶ	CCONJ	C-		καί	cc	50
VIII	52	διατριβὰς	NOUN	Nb	Case=Acc|Gender=Fem|Number=Plur	διατριβή	conj	50
VIII	53	ὡς	ADV	Df		ὡς	advmod	55
VIII	54	οὐ	ADV	Df	Polarity=Neg	οὐ	advmod	55
VIII	55	πρεπούσας	ADJ	A-	Case=Acc|Degree=Pos|Gender=Fem|Number=Plur	πρέπω	amod	50
VIII	56	πολέμῳ	NOUN	Nb	Case=Dat|Gender=Masc|Number=Sing	πόλεμος	iobj	55
VIII	57	διέλυε	VERB	V-	Aspect=Imp|Mood=Ind|Number=Sing|Person=3|Tense=Past|VerbForm=Fin|Voice=Act	διέλυε	advcl	58
VIII	58	,	PUNCT	Z		,	ROOT	58
VIII	59	γυμνάσιά	NOUN	Nb	Case=Acc|Gender=Neut|Number=Plur	γυμνάσιος	obj	62
VIII	60	τε	CCONJ	C-		τε	cc	62
VIII	61	ἔνοπλα	ADJ	A-	Case=Acc|Degree=Pos|Gender=Neut|Number=Plur	ἔνοπλα	amod	59
VIII	62	ἔτασσεν	VERB	V-	Aspect=Imp|Mood=Ind|Number=Sing|Person=3|Tense=Past|VerbForm=Fin|Voice=Act	ἔτασσεν	conj	58
VIII	63	αὐτοῖς	PRON	Pp	Case=Dat|Gender=Masc|Number=Plur|Person=3|PronType=Prs	αὐτός	iobj	62
VIII	64	,	PUNCT	Z		,	amod	59
VIII	65	καὶ	CCONJ	C-		καί	cc	62
VIII	66	θάνατον	NOUN	Nb	Case=Acc|Gender=Masc|Number=Sing	θάνατος	obj	69
VIII	67	τοῖς	DET	S-	Case=Dat|Definite=Def|Gender=Masc|Number=Plur|PronType=Dem	ὁ	det	68
VIII	68	ἀμελοῦσιν	VERB	V-	Case=Dat|Gender=Masc|Number=Plur|Tense=Pres|VerbForm=Part|Voice=Act	ἀμελέω	iobj	69
VIII	69	ὥριζε	VERB	V-	Aspect=Imp|Mood=Ind|Number=Sing|Person=3|Tense=Past|VerbForm=Fin|Voice=Act	ὥριζε	conj	62
VIII	70	,	PUNCT	Z		,	punct	58
VIII	71	τότε	ADV	Df		τότε	advmod	89
VIII	72	δὴ	ADV	Df		δή	discourse	89
VIII	73	καὶ	ADV	Df		καί	advmod	76
VIII	74	πάμπαν	ADV	Df		πάμπαν	advmod	75
VIII	75	ἀήθεσιν	ADJ	A-	Case=Dat|Degree=Pos|Gender=Neut|Number=Plur	ἀήθε	amod	76
VIII	76	ἔργοις	NOUN	Nb	Case=Dat|Gender=Neut|Number=Plur	ἔργον	obl	79
VIII	77	καὶ	CCONJ	C-		καί	cc	76
VIII	78	ἐπιτάγμασι	NOUN	Nb	Case=Dat|Gender=Neut|Number=Plur	ἐπιτάγμας	conj	76
VIII	79	κάμνοντες	VERB	V-	Case=Nom|Gender=Masc|Number=Plur|Tense=Pres|VerbForm=Part|Voice=Act	κάμνω	advcl	89
VIII	80	οἱ	DET	S-	Case=Nom|Definite=Def|Gender=Masc|Number=Plur|PronType=Dem	ὁ	det	81
VIII	81	Ταραντῖνοι	NOUN	Nb	Case=Nom|Gender=Masc|Number=Plur	Ταραντῖνος	nsubj	89
VIII	82	τῆς	DET	S-	Case=Gen|Definite=Def|Gender=Fem|Number=Sing|PronType=Dem	ὁ	det	83
VIII	83	πόλεως	NOUN	Nb	Case=Gen|Gender=Fem|Number=Sing	πόλις	obl	79
VIII	84	ὡς	ADV	Df		ὡς	advmod	85
VIII	85	ἀλλοτρίας	ADJ	A-	Case=Gen|Degree=Pos|Gender=Fem|Number=Sing	ἀλλότριος	amod	83
VIII	86	ἐς	ADP	R-		εἰς	case	88
VIII	87	τοὺς	DET	S-	Case=Acc|Definite=Def|Gender=Masc|Number=Plur|PronType=Dem	ὁ	det	88
VIII	88	ἀγροὺς	NOUN	Nb	Case=Acc|Gender=Masc|Number=Plur	ἀγρός	obl	89
VIII	89	ἀπεδίδρασκον	VERB	V-	Aspect=Imp|Mood=Ind|Number=Plur|Person=3|Tense=Past|VerbForm=Fin|Voice=Act	ἀποδιδράσκω	ROOT	89
VIII	90	.	PUNCT	Z		.	punct	89
VIII	91	καὶ	CCONJ	C-		καί	cc	96
VIII	92	ὁ	DET	S-	Case=Nom|Definite=Def|Gender=Masc|Number=Sing|PronType=Dem	ὁ	det	93
VIII	93	βασιλεὺς	NOUN	Nb	Case=Nom|Gender=Masc|Number=Sing	βασιλεύς	nsubj	96
VIII	94	τὰς	DET	S-	Case=Acc|Definite=Def|Gender=Fem|Number=Plur|PronType=Dem	ὁ	det	95
VIII	95	θύρας	NOUN	Nb	Case=Acc|Gender=Fem|Number=Plur	θύρα	obj	96
VIII	96	ἀπέκλειε	VERB	V-	Aspect=Imp|Mood=Ind|Number=Sing|Person=3|Tense=Past|VerbForm=Fin|Voice=Act	ἀπέκλω	ROOT	96
VIII	97	,	PUNCT	Z		,	punct	96
VIII	98	καὶ	CCONJ	C-		καί	ROOT	98
VIII	99	φρουρὰς	NOUN	Nb	Case=Acc|Gender=Fem|Number=Plur	φρουρά	obj	100
VIII	100	ἐφίστη	VERB	V-	Aspect=Imp|Mood=Ind|Number=Sing|Person=3|Tense=Past|VerbForm=Fin|Voice=Act	ἐφίστημι	ROOT	100
VIII	101	.	PUNCT	Z		.	punct	100
VIII	102	καὶ	CCONJ	C-		καί	cc	108
VIII	103	οἱ	DET	S-	Case=Nom|Definite=Def|Gender=Masc|Number=Plur|PronType=Dem	ὁ	det	104
VIII	104	Ταραντῖνοι	NOUN	Nb	Case=Nom|Gender=Masc|Number=Plur	Ταραντῖνος	nsubj	108
VIII	105	τῆς	DET	S-	Case=Gen|Definite=Def|Gender=Fem|Number=Sing|PronType=Dem	ὁ	det	106
VIII	106	ἀβουλίας	NOUN	Nb	Case=Gen|Gender=Fem|Number=Sing	ἀβουλία	iobj	108
VIII	107	σφῶν	PRON	Pp	Case=Gen|Gender=Masc|Number=Plur|Person=3|PronType=Prs	σφεῖς	det	106
VIII	108	ᾐσθάνοντο	VERB	V-	Aspect=Imp|Mood=Ind|Number=Plur|Person=3|Tense=Past|VerbForm=Fin|Voice=Mid	αἰσθάνομαι	ROOT	108
VIII	109	σαφῶς	ADV	Df	Degree=Pos	σαφής	advmod	108
VIII	110	.	PUNCT	Z		.	punct	108
VIII	111	Val.	PUNCT	Z		Val.	ROOT	111
VIII	112	p.	PUNCT	Z		p.	ROOT	112
VIII	113	553.	PUNCT	Z		553.	ROOT	113
IX	0	ὅτι	ADV	Df		ὅτι	advmod	18
IX	1	ὅσοι	PRON	Pr	Case=Nom|Gender=Masc|Number=Plur|PronType=Rel	ὅσος	nsubj	11
IX	2	ἐν	ADP	R-		ἐν	case	3
IX	3	Ῥηγίῳ	PROPN	Ne	Case=Dat|Gender=Neut|Number=Sing	Ῥήγιον	nmod	1
IX	4	Ῥωμαίων	ADJ	A-	Case=Gen|Degree=Pos|Gender=Masc|Number=Plur	Ῥωμαῖος	nmod	3
IX	5	ἐπὶ	ADP	R-		ἐπί	case	6
IX	6	σωτηρίᾳ	NOUN	Nb	Case=Dat|Gender=Fem|Number=Sing	σωτηρία	obl	11
IX	7	καὶ	CCONJ	C-		καί	cc	6
IX	8	φυλακῇ	NOUN	Nb	Case=Dat|Gender=Fem|Number=Sing	φυλακή	conj	6
IX	9	τῆς	DET	S-	Case=Gen|Definite=Def|Gender=Fem|Number=Sing|PronType=Dem	ὁ	det	10
IX	10	πόλεως	NOUN	Nb	Case=Gen|Gender=Fem|Number=Sing	πόλις	nmod	8
IX	11	,	PUNCT	Z		,	nummod	18
IX	12	μή	SCONJ	G-		μή	mark	14
IX	13	τι	ADJ	Px	Case=Acc|Gender=Neut|Number=Sing	τίς	obj	14
IX	14	πάθοιεν	VERB	V-	Aspect=Perf|Mood=Opt|Number=Plur|Person=3|Tense=Past|VerbForm=Fin|Voice=Act	πάσχω	ccomp	11
IX	15	ὑπὸ	ADP	R-		ὑπό	case	17
IX	16	τῶν	DET	S-	Case=Gen|Definite=Def|Gender=Masc|Number=Plur|PronType=Dem	ὁ	det	17
IX	17	ἐχθρῶν	ADJ	A-	Case=Gen|Degree=Pos|Gender=Masc|Number=Plur	ἐχθρός	obl:agent	14
IX	18	,	PUNCT	Z		,	ROOT	18
IX	19	παρέμενον	VERB	V-	Aspect=Imp|Mood=Ind|Number=Plur|Person=3|Tense=Past|VerbForm=Fin|Voice=Act	παραμένω	ROOT	19
IX	20	,	PUNCT	Z		,	cc	19
IX	21	αὐτοί	ADJ	Pd	Case=Nom|Gender=Masc|Number=Plur	αὐτός	nsubj	28
IX	22	τε	CCONJ	C-		τε	cc	21
IX	23	καὶ	CCONJ	C-		καί	cc	21
IX	24	Δέκιος	PROPN	Ne	Case=Nom|Gender=Masc|Number=Sing	Δέκιος	conj	21
IX	25	ὁ	DET	S-	Case=Nom|Definite=Def|Gender=Masc|Number=Sing|PronType=Dem	ὁ	det	26
IX	26	ἡγεμὼν	NOUN	Nb	Case=Nom|Gender=Masc|Number=Sing	ἡγεμών	appos	24
IX	27	αὐτῶν	PRON	Pp	Case=Gen|Gender=Masc|Number=Plur|Person=3|PronType=Prs	αὐτός	det	26
IX	28	,	PUNCT	Z		,	ROOT	28
IX	29	τοῖς	DET	S-	Case=Dat|Definite=Def|Gender=Masc|Number=Plur|PronType=Dem	ὁ	det	30
IX	30	ἀγαθοῖς	ADJ	A-	Case=Dat|Degree=Pos|Gender=Masc|Number=Plur	ἀγαθός	iobj	33
IX	31	τῶν	DET	S-	Case=Gen|Definite=Def|Gender=Masc|Number=Plur|PronType=Dem	ὁ	det	32
IX	32	Ῥηγίνων	NOUN	Nb	Case=Gen|Gender=Masc|Number=Plur	Ῥηγῖνος	nmod	30
IX	33	φθονήσαντες	VERB	V-	Aspect=Perf|Case=Nom|Gender=Masc|Number=Plur|Tense=Past|VerbForm=Part|Voice=Act	φθονέω	advcl	42
IX	34	,	PUNCT	Z		,	iobj	33
IX	35	καὶ	CCONJ	C-		καί	cc	34
IX	36	φυλάξαντες	VERB	V-	Aspect=Perf|Case=Nom|Gender=Masc|Number=Plur|Tense=Past|VerbForm=Part|Voice=Act	φυλάσσω	advcl	41
IX	37	αὐτοὺς	PRON	Pp	Case=Acc|Gender=Masc|Number=Plur|Person=3|PronType=Prs	αὐτός	obj	36
IX	38	εὐωχουμένους	VERB	V-	Case=Acc|Gender=Masc|Number=Plur|Tense=Pres|VerbForm=Part|Voice=Mid	εὐωχέω	xcomp	36
IX	39	ἐν	ADP	R-		ἐν	case	40
IX	40	ἑορτῇ	NOUN	Nb	Case=Dat|Gender=Fem|Number=Sing	ἑορτή	obl	38
IX	41	διέφθειραν	VERB	V-	Aspect=Perf|Mood=Ind|Number=Plur|Person=3|Tense=Past|VerbForm=Fin|Voice=Act	διαφθείρω	conj	34
IX	42	,	PUNCT	Z		,	punct	28
IX	43	καὶ	CCONJ	C-		καί	cc	42
IX	44	ταῖς	DET	S-	Case=Dat|Definite=Def|Gender=Fem|Number=Plur|PronType=Dem	ὁ	det	45
IX	45	γυναιξὶν	NOUN	Nb	Case=Dat|Gender=Fem|Number=Plur	γυνή	iobj	47
IX	46	ἀκουσίαις	ADJ	A-	Case=Dat|Degree=Pos|Gender=Fem|Number=Plur	ἀκουσία	amod	45
IX	47	συνῆσαν	VERB	V-	Aspect=Imp|Mood=Ind|Number=Plur|Person=3|Tense=Past|VerbForm=Fin|Voice=Act	σύνειμι	conj	42
IX	48	.	PUNCT	Z		.	punct	47
IX	49	πρόφασιν	NOUN	Nb	Case=Acc|Gender=Fem|Number=Sing	πρόφασις	obj	53
IX	50	δὲ	ADV	Df		δέ	discourse	53
IX	51	τῆς	DET	S-	Case=Gen|Definite=Def|Gender=Fem|Number=Sing|PronType=Dem	ὁ	det	52
IX	52	παρανομίας	NOUN	Nb	Case=Gen|Gender=Fem|Number=Sing	παρανομία	nmod	49
IX	53	ἔφερον	VERB	V-	Aspect=Imp|Mood=Ind|Number=Plur|Person=3|Tense=Past|VerbForm=Fin|Voice=Act	φέρω	advcl	47
IX	54	ὅτι	SCONJ	G-		ὅτι	mark	58
IX	55	Ῥηγῖνοι	NOUN	A-	Case=Nom|Gender=Masc|Number=Plur	Ῥηγῖνος	nsubj	58
IX	56	τὴν	DET	S-	Case=Acc|Definite=Def|Gender=Fem|Number=Sing|PronType=Dem	ὁ	det	57
IX	57	φρουρὰν	NOUN	Nb	Case=Acc|Gender=Fem|Number=Sing	φρουρά	obj	58
IX	58	προεδίδοσαν	VERB	V-	Aspect=Imp|Mood=Ind|Number=Plur|Person=3|Tense=Past|VerbForm=Fin|Voice=Act	προδίδωμι	acl	49
IX	59	Πύρρῳ	PROPN	Ne	Case=Dat|Gender=Masc|Number=Sing	Πύρρος	iobj	58
IX	60	.	PUNCT	Z		.	punct	53
IX	61	καὶ	CCONJ	C-		καί	cc	66
IX	62	Δέκιος	PROPN	Ne	Case=Nom|Gender=Masc|Number=Sing	Δέκιος	nsubj	66
IX	63	μὲν	ADV	Df		μέν	discourse	66
IX	64	ἀντὶ	ADP	R-		ἀντί	case	65
IX	65	φρουράρχου	NOUN	Nb	Case=Gen|Gender=Masc|Number=Sing	φρουράρχω	obl	66
IX	66	τύραννος	NOUN	Nb	Case=Nom|Gender=Masc|Number=Sing	τύραννος	ROOT	66
IX	67	ἦν	AUX	V-	Aspect=Imp|Mood=Ind|Number=Sing|Person=3|Tense=Past|VerbForm=Fin|Voice=Act	εἰμί	cop	66
IX	68	,	PUNCT	Z		,	det	62
IX	69	καὶ	CCONJ	C-		καί	cc	66
IX	70	φιλίαν	NOUN	Nb	Case=Acc|Gender=Fem|Number=Sing	φιλία	obj	71
IX	71	ἔθετο	VERB	V-	Aspect=Perf|Mood=Ind|Number=Sing|Person=3|Tense=Past|VerbForm=Fin|Voice=Mid	τίθημι	conj	66
IX	72	Μαμερτίνοις	NOUN	Nb	Case=Dat|Gender=Masc|Number=Plur	Μαμερτῖνος	iobj	71
IX	73	τοῖς	DET	S-	Case=Dat|Definite=Def|Gender=Masc|Number=Plur|PronType=Dem	ὁ	det	79
IX	74	ἐπὶ	ADP	R-		ἐπί	case	76
IX	75	τοῦ	DET	S-	Case=Gen|Definite=Def|Gender=Masc|Number=Sing|PronType=Dem	ὁ	det	76
IX	76	πορθμοῦ	NOUN	Nb	Case=Gen|Gender=Masc|Number=Sing	πορθμός	obl	79
IX	77	τοῦ	DET	S-	Case=Gen|Definite=Def|Gender=Masc|Number=Sing|PronType=Dem	ὁ	det	78
IX	78	Σικελικοῦ	ADJ	A-	Case=Gen|Degree=Pos|Gender=Masc|Number=Sing	Σικελικός	nmod	76
IX	79	κατῳκημένοις	VERB	V-	Aspect=Perf|Case=Dat|Gender=Masc|Number=Plur|Tense=Past|VerbForm=Part|Voice=Pass	κατῳκημένω	nmod	72
IX	80	,	PUNCT	Z		,	punct	66
IX	81	οὐ	ADV	Df	Polarity=Neg	οὐ	advmod	83
IX	82	πρὸ	ADP	R-		πρό	case	83
IX	83	πολλοῦ	ADJ	A-	Case=Gen|Degree=Pos|Gender=Neut|Number=Sing	πολύς	advmod	66
IX	84	κἀκείνοις	ADJ	Pd	Case=Dat|Gender=Masc|Number=Plur	ἐκεῖνος	nmod	66
IX	85	ἐς	ADP	R-		εἰς	case	87
IX	86	ἰδίους	ADJ	A-	Case=Acc|Degree=Pos|Gender=Masc|Number=Plur	ἴδιος	amod	87
IX	87	ξένους	ADJ	Nb	Case=Acc|Degree=Pos|Gender=Masc|Number=Plur	ξένος	obl	89
IX	88	ὅμοια	ADJ	A-	Case=Acc|Degree=Pos|Gender=Neut|Number=Plur	ὅμοιος	obj	89
IX	89	δεδρακόσιν	VERB	V-	Aspect=Perf|Case=Dat|Gender=Masc|Number=Plur|Tense=Past|VerbForm=Part|Voice=Act	δεδρακόσις	acl	66
IX	90	.	PUNCT	Z		.	punct	66
IX	91	ἀλγήσαντα	VERB	V-	Aspect=Perf|Case=Acc|Gender=Masc|Number=Sing|Tense=Past|VerbForm=Part|Voice=Act	ἀλγέω	advcl	107
IX	92	δʼ	ADV	Df		δέ	discourse	107
IX	93	αὐτὸν	PRON	Pp	Case=Acc|Gender=Masc|Number=Sing|Person=3|PronType=Prs	αὐτός	obj	107
IX	94	τοῖς	DET	S-	Case=Dat|Definite=Def|Gender=Masc|Number=Plur|PronType=Dem	ὁ	det	95
IX	95	ὀφθαλμοῖς	NOUN	Nb	Case=Dat|Gender=Masc|Number=Plur	ὀφθαλμός	obl	96
IX	96	,	PUNCT	Z		,	ccomp	91
IX	97	καὶ	CCONJ	C-		καί	cc	102
IX	98	τοῖς	DET	S-	Case=Dat|Definite=Def|Gender=Masc|Number=Plur|PronType=Dem	ὁ	det	101
IX	99	ἐν	ADP	R-		ἐν	case	100
IX	100	Ῥηγίῳ	PROPN	Ne	Case=Dat|Gender=Neut|Number=Sing	Ῥήγιον	nmod	101
IX	101	ἰατροῖς	NOUN	Nb	Case=Dat|Gender=Masc|Number=Plur	ἰατρός	iobj	102
IX	102	ἀπιστοῦντα	VERB	V-	Case=Acc|Gender=Masc|Number=Sing|Tense=Pres|VerbForm=Part|Voice=Act	ἀπιστόω	xcomp	96
IX	103	,	PUNCT	Z		,	appos	96
IX	104	μετάπεμπτος	ADJ	A-	Case=Nom|Degree=Pos|Gender=Masc|Number=Sing	μετάπεμπτος	advmod	107
IX	105	ἀπὸ	ADP	R-		ἀπό	case	106
IX	106	Μεσσήνης	PROPN	Ne	Case=Gen|Gender=Fem|Number=Sing	Μεσσήνη	obl	104
IX	107	ἐθεράπευε	VERB	V-	Aspect=Imp|Mood=Ind|Number=Sing|Person=3|Tense=Past|VerbForm=Fin|Voice=Act	θεραπεύω	ROOT	107
IX	108	Ῥηγῖνος	PROPN	Ne	Case=Nom|Gender=Masc|Number=Sing	Ῥηγῖνος	nsubj	107
IX	109	ἀνήρ	NOUN	Nb	Case=Nom|Gender=Masc|Number=Sing	ἀνήρ	appos	108
IX	110	,	PUNCT	Z		,	advcl	107
IX	111	μετῳκηκὼς	VERB	V-	Aspect=Perf|Case=Nom|Gender=Masc|Number=Sing|Tense=Past|VerbForm=Part|Voice=Act	μετῳκηκὼς	ROOT	111
IX	112	ἐς	ADP	R-		εἰς	case	113
IX	113	Μεσσήνην	PROPN	Ne	Case=Acc|Gender=Fem|Number=Sing	Μεσσήνη	obl	111
IX	114	πρὸ	ADP	R-		πρό	case	115
IX	115	πολλοῦ	ADJ	A-	Case=Gen|Degree=Pos|Gender=Neut|Number=Sing	πολύς	advmod	111
IX	116	,	PUNCT	Z		,	obl	111
IX	117	ὅτι	SCONJ	G-		ὅτι	mark	120
IX	118	Ῥηγῖνος	PROPN	Ne	Case=Nom|Gender=Masc|Number=Sing	Ῥηγῖνος	nsubj:pass	120
IX	119	ἦν	AUX	V-	Aspect=Imp|Mood=Ind|Number=Sing|Person=3|Tense=Past|VerbForm=Fin|Voice=Act	εἰμί	cop	120
IX	120	ἀγνοούμενος	VERB	V-	Case=Nom|Gender=Masc|Number=Sing|Tense=Pres|VerbForm=Part|Voice=Pass	ἀγνοέω	advcl	116
IX	121	.	PUNCT	Z		.	punct	111
IX	122	οὗτος	ADJ	Pd	Case=Nom|Gender=Masc|Number=Sing	οὗτος	nsubj	124
IX	123	αὐτὸν	PRON	Pp	Case=Acc|Gender=Masc|Number=Sing|Person=3|PronType=Prs	αὐτός	obj	124
IX	124	ἔπεισεν	VERB	V-	Aspect=Perf|Mood=Ind|Number=Sing|Person=3|Tense=Past|VerbForm=Fin|Voice=Act	πείθω	ROOT	124
IX	125	ἐπὶ	ADP	R-		ἐπί	case	126
IX	126	ἀπαλλαγῇ	NOUN	Nb	Case=Dat|Gender=Fem|Number=Sing	ἀπαλλαγή	obl	129
IX	127	συντόμῳ	ADJ	A-	Case=Dat|Degree=Pos|Gender=Fem|Number=Sing	συντόμος	amod	126
IX	128	φαρμάκων	NOUN	Nb	Case=Gen|Gender=Neut|Number=Plur	φάρμακον	iobj	129
IX	129	ἀνασχέσθαι	VERB	V-	Aspect=Perf|Tense=Past|VerbForm=Inf|Voice=Mid	ἀνέχω	ccomp	124
IX	130	θερμῶν	ADJ	A-	Case=Gen|Degree=Pos|Number=Plur	θερμός	dep	129
IX	131	,	PUNCT	Z		,	punct	124
IX	132	καὶ	CCONJ	C-		καί	cc	138
IX	133	χρίσας	VERB	V-	Aspect=Perf|Case=Nom|Gender=Masc|Number=Sing|Tense=Past|VerbForm=Part|Voice=Act	χρίω	advcl	138
IX	134	τοῖς	DET	S-	Case=Dat|Definite=Def|Gender=Masc|Number=Plur|PronType=Dem	ὁ	det	135
IX	135	κατακαίουσι	VERB	V-	Case=Dat|Gender=Masc|Number=Plur|Tense=Pres|VerbForm=Part|Voice=Act	κατακαίω	iobj	133
IX	136	καὶ	CCONJ	C-		καί	cc	135
IX	137	δαπανῶσιν	VERB	V-	Case=Dat|Gender=Masc|Number=Plur|Tense=Pres|VerbForm=Part|Voice=Act	δαπανῶμι	conj	135
IX	138	ἐκέλευσεν	VERB	V-	Aspect=Perf|Mood=Ind|Number=Sing|Person=3|Tense=Past|VerbForm=Fin|Voice=Act	κελεύω	ROOT	138
IX	139	ἀνασχέσθαι	VERB	V-	Aspect=Perf|Tense=Past|VerbForm=Inf|Voice=Mid	ἀνέχω	ccomp	138
IX	140	τοῦ	DET	S-	Case=Gen|Definite=Def|Gender=Masc|Number=Sing|PronType=Dem	ὁ	det	141
IX	141	πόνου	NOUN	Nb	Case=Gen|Gender=Masc|Number=Sing	πόνος	iobj	139
IX	142	μέχρι	SCONJ	G-		μέχρι	mark	144
IX	143	αὐτὸς	ADJ	Pd	Case=Nom|Gender=Masc|Number=Sing	αὐτός	nsubj	144
IX	144	ἐπανέλθοι	VERB	V-	Aspect=Perf|Mood=Opt|Number=Sing|Person=3|Tense=Past|VerbForm=Fin|Voice=Act	ἐπανέλθος	advcl	139
IX	145	,	PUNCT	Z		,	dep	138
IX	146	καὶ	CCONJ	C-		καί	cc	138
IX	147	λαθὼν	VERB	V-	Aspect=Perf|Case=Nom|Gender=Masc|Number=Sing|Tense=Past|VerbForm=Part|Voice=Act	λανθάνω	advcl	148
IX	148	ἔπλευσεν	VERB	V-	Aspect=Perf|Mood=Ind|Number=Sing|Person=3|Tense=Past|VerbForm=Fin|Voice=Act	πλέω	conj	138
IX	149	ἐς	ADP	R-		εἰς	case	150
IX	150	Μεσσήνην	PROPN	Ne	Case=Acc|Gender=Fem|Number=Sing	Μεσσήνη	obl	148
IX	151	.	PUNCT	Z		.	punct	138
IX	152	ὁ	PRON	Pp	Case=Nom|Gender=Masc|Number=Sing|Person=3|PronType=Prs	ὁ	nsubj	159
IX	153	δʼ	ADV	Df		δέ	discourse	159
IX	154	ἐς	ADP	R-		εἰς	case	155
IX	155	πολὺ	ADJ	A-	Case=Acc|Degree=Pos|Gender=Neut|Number=Sing	πολύς	advmod	159
IX	156	τῆς	DET	S-	Case=Gen|Definite=Def|Gender=Fem|Number=Sing|PronType=Dem	ὁ	det	157
IX	157	ὀδύνης	NOUN	Nb	Case=Gen|Gender=Fem|Number=Sing	ὀδύνη	iobj	155
IX	158	ἀνασχόμενος	VERB	V-	Aspect=Perf|Case=Nom|Gender=Masc|Number=Sing|Tense=Past|VerbForm=Part|Voice=Act	ἀνέχω	advcl	159
IX	159	ἀπενίψατο	VERB	V-	Aspect=Perf|Mood=Ind|Number=Sing|Person=3|Tense=Past|VerbForm=Fin|Voice=Mid	ἀπονίζω	ROOT	159
IX	160	,	PUNCT	Z		,	parataxis	159
IX	161	καὶ	CCONJ	C-		καί	ROOT	161
IX	162	εὗρε	VERB	V-	Aspect=Perf|Mood=Ind|Number=Sing|Person=3|Tense=Past|VerbForm=Fin|Voice=Act	εὑρίσκω	ROOT	162
IX	163	τοὺς	DET	S-	Case=Acc|Definite=Def|Gender=Masc|Number=Plur|PronType=Dem	ὁ	det	164
IX	164	ὀφθαλμοὺς	NOUN	Nb	Case=Acc|Gender=Masc|Number=Plur	ὀφθαλμός	obj	162
IX	165	δεδαπανημένους	VERB	V-	Aspect=Perf|Case=Acc|Gender=Masc|Number=Plur|Tense=Past|VerbForm=Part|Voice=Pass	δεδαπανημένος	xcomp	162
IX	166	.	PUNCT	Z		.	punct	162
IX	167	Φαβρίκιος	PROPN	Ne	Case=Nom|Gender=Masc|Number=Sing	Φαβρίκιος	nsubj	182
IX	168	δὲ	ADV	Df		δέ	discourse	182
IX	169	ὑπὸ	ADP	R-		ὑπό	case	170
IX	170	Ῥωμαίων	ADJ	Nb	Case=Gen|Degree=Pos|Gender=Masc|Number=Plur	Ῥωμαῖος	obl:agent	174
IX	171	ἐπὶ	ADP	R-		ἐπί	case	172
IX	172	διορθώσει	NOUN	Nb	Case=Dat|Gender=Fem|Number=Sing	διορθόω	obl	174
IX	173	τῶνδε	ADJ	Pd	Case=Gen|Gender=Neut|Number=Plur	ὅδε	nmod	172
IX	174	πεμφθεὶς	VERB	V-	Aspect=Perf|Case=Nom|Gender=Masc|Number=Sing|Tense=Past|VerbForm=Part|Voice=Pass	πέμπω	advcl	182
IX	175	τήν	DET	S-	Case=Acc|Definite=Def|Gender=Fem|Number=Sing|PronType=Dem	ὁ	det	188
IX	176	τε	CCONJ	C-		τε	cc	182
IX	177	πόλιν	NOUN	Nb	Case=Acc|Gender=Fem|Number=Sing	πόλις	obj	181
IX	178	τοῖς	DET	S-	Case=Dat|Definite=Def|Gender=Masc|Number=Plur|PronType=Dem	ὁ	det	181
IX	179	ἔτι	ADV	Df		ἔτι	advmod	180
IX	180	Ῥηγίνοις	ADJ	A-	Case=Dat|Degree=Pos|Gender=Masc|Number=Plur	Ῥηγῖνος	nmod	181
IX	181	λοιποῖς	ADJ	A-	Case=Dat|Degree=Pos|Gender=Masc|Number=Plur	λοιπός	dep	182
IX	182	ἀπεδίδου	VERB	V-	Aspect=Imp|Mood=Ind|Number=Sing|Person=3|Tense=Past|VerbForm=Fin|Voice=Act	ἀποδίδωμι	ROOT	182
IX	183	,	PUNCT	Z		,	dep	182
IX	184	καὶ	CCONJ	C-		καί	cc	183
IX	185	τῶν	DET	S-	Case=Gen|Definite=Def|Gender=Masc|Number=Plur|PronType=Dem	ὁ	det	186
IX	186	φρουρῶν	NOUN	Nb	Case=Gen|Gender=Masc|Number=Plur	φρουρός	nmod	188
IX	187	τοὺς	DET	S-	Case=Acc|Definite=Def|Gender=Masc|Number=Plur|PronType=Dem	ὁ	det	188
IX	188	αἰτίους	ADJ	A-	Case=Acc|Degree=Pos|Gender=Masc|Number=Plur	αἴτιος	obj	193
IX	189	τῆς	DET	S-	Case=Gen|Definite=Def|Gender=Fem|Number=Sing|PronType=Dem	ὁ	det	190
IX	190	ἀποστάσεως	NOUN	Nb	Case=Gen|Gender=Fem|Number=Sing	ἀπόστασις	iobj	188
IX	191	ἐς	ADP	R-		εἰς	case	192
IX	192	Ῥώμην	PROPN	Ne	Case=Acc|Gender=Fem|Number=Sing	Ῥώμη	obl	193
IX	193	ἔπεμψεν	VERB	V-	Aspect=Perf|Mood=Ind|Number=Sing|Person=3|Tense=Past|VerbForm=Fin|Voice=Act	πέμπω	conj	183
IX	194	,	PUNCT	Z		,	punct	182
IX	195	οἳ	PRON	Pr	Case=Nom|Gender=Masc|Number=Plur|PronType=Rel	ὁ	ROOT	195
IX	196	μαστιγωθέντες	VERB	V-	Aspect=Perf|Case=Nom|Gender=Masc|Number=Plur|Tense=Past|VerbForm=Part|Voice=Pass	μαστιγωθέυς	ROOT	196
IX	197	ἐν	ADP	R-		ἐν	ROOT	197
IX	198	ἀγορᾷ	NOUN	Nb	Case=Dat|Gender=Fem|Number=Sing	ἀγορά	ROOT	198
IX	199	μέσῃ	ADJ	A-	Case=Dat|Degree=Pos|Gender=Fem|Number=Sing	μέσος	ROOT	199
IX	200	τὰς	DET	S-	Case=Acc|Definite=Def|Gender=Fem|Number=Plur|PronType=Dem	ὁ	det	201
IX	201	κεφαλὰς	NOUN	Nb	Case=Acc|Gender=Fem|Number=Plur	κεφαλή	obj	202
IX	202	ἀπεκόπησαν	VERB	V-	Aspect=Perf|Mood=Ind|Number=Plur|Person=3|Tense=Past|VerbForm=Fin|Voice=Pass	ἀποκόπτω	ROOT	202
IX	203	καὶ	CCONJ	C-		καί	cc	202
IX	204	ἐξερρίφησαν	VERB	V-	Aspect=Perf|Mood=Ind|Number=Plur|Person=3|Tense=Past|VerbForm=Fin|Voice=Act	ἐξερρίφησαν	conj	202
IX	205	ἄταφοι	ADJ	A-	Case=Nom|Degree=Pos|Gender=Masc|Number=Plur	ἄταφος	advmod	204
IX	206	.	PUNCT	Z		.	punct	202
IX	207	Δέκιος	PROPN	Ne	Case=Nom|Gender=Masc|Number=Sing	Δέκιος	nsubj	211
IX	208	δὲ	ADV	Df		δέ	discourse	211
IX	209	φυλασσόμενος	VERB	V-	Case=Nom|Gender=Masc|Number=Sing|Tense=Pres|VerbForm=Part|Voice=Mid	φυλάσσω	advcl	211
IX	210	ἀμελῶς	ADV	Df	Degree=Pos	ἀμελής	advmod	209
IX	211	,	PUNCT	Z		,	advcl	216
IX	212	οἷα	ADV	Df		οἷος	advmod	213
IX	213	πηρός	ADJ	A-	Case=Nom|Degree=Pos|Gender=Masc|Number=Sing	πηρός	appos	211
IX	214	,	PUNCT	Z		,	punct	211
IX	215	ἑαυτὸν	PRON	Pk	Case=Acc|Gender=Masc|Number=Sing|Person=3|PronType=Prs|Reflex=Yes	ἑαυτοῦ	obj	216
IX	216	διεχρήσατο	VERB	V-	Aspect=Perf|Mood=Ind|Number=Sing|Person=3|Tense=Past|VerbForm=Fin|Voice=Act	διαχράομαι	ROOT	216
IX	217	.	PUNCT	Z		.	punct	216
IX	218	id.	PUNCT	Z		id.	ROOT	218
IX	219	ib.	PUNCT	Z		ib.	ROOT	219
X	0	ὅτι	SCONJ	G-		ὅτι	mark	7
X	1	ὁ	DET	S-	Case=Nom|Definite=Def|Gender=Masc|Number=Sing|PronType=Dem	ὁ	det	2
X	2	Πύρρος	PROPN	Ne	Case=Nom|Gender=Masc|Number=Sing	Πύρρος	nsubj	7
X	3	ὁ	DET	S-	Case=Nom|Definite=Def|Gender=Masc|Number=Sing|PronType=Dem	ὁ	det	4
X	4	βασιλεὺς	NOUN	Nb	Case=Nom|Gender=Masc|Number=Sing	βασιλεύς	appos	2
X	5	τῆς	DET	S-	Case=Gen|Definite=Def|Gender=Fem|Number=Sing|PronType=Dem	ὁ	det	6
X	6	Ἠπείρου	NOUN	Nb	Case=Gen|Gender=Fem|Number=Sing	Ἤπειρος	nmod	4
X	7	,	PUNCT	Z		,	ROOT	7
X	8	νικήσας	VERB	V-	Aspect=Perf|Case=Nom|Gender=Masc|Number=Sing|Tense=Past|VerbForm=Part|Voice=Act	νικάω	advcl	7
X	9	τοὺς	DET	S-	Case=Acc|Definite=Def|Gender=Masc|Number=Plur|PronType=Dem	ὁ	det	10
X	10	Ῥωμαίους	ADJ	A-	Case=Acc|Degree=Pos|Gender=Masc|Number=Plur	Ῥωμαῖος	obj	8
X	11	καὶ	CCONJ	C-		καί	cc	8
X	12	ἀναλαβεῖν	VERB	V-	Aspect=Perf|Tense=Past|VerbForm=Inf|Voice=Act	ἀναλαμβάνω	xcomp	13
X	13	χρῄζων	VERB	V-	Case=Nom|Gender=Masc|Number=Sing|Tense=Pres|VerbForm=Part|Voice=Mid	χρῄζω	conj	8
X	14	τὴν	DET	S-	Case=Acc|Definite=Def|Gender=Fem|Number=Sing|PronType=Dem	ὁ	det	15
X	15	στρατιὰν	NOUN	Nb	Case=Acc|Gender=Fem|Number=Sing	στρατιά	dep	13
X	16	ἐκ	ADP	R-		ἐκ	case	17
X	17	μάχης	NOUN	Nb	Case=Gen|Gender=Fem|Number=Sing	μάχη	dep	13
X	18	εὐτόνου	ADJ	A-	Case=Gen|Degree=Pos|Number=Sing	εὐτόνου	amod	17
X	19	,	PUNCT	Z		,	cc	8
X	20	καὶ	CCONJ	C-		καί	cc	8
X	21	Ῥωμαίους	ADJ	A-	Case=Acc|Degree=Pos|Gender=Masc|Number=Plur	Ῥωμαῖος	nsubj	22
X	22	ἐλπίζων	VERB	V-	Case=Nom|Gender=Masc|Number=Sing|Tense=Pres|VerbForm=Part|Voice=Act	ἐλπίζω	conj	8
X	23	ἐς	ADP	R-		εἰς	case	24
X	24	διαλύσεις	NOUN	Nb	Case=Acc|Gender=Fem|Number=Plur	διάλυσις	obl	27
X	25	τότε	ADV	Df		τότε	advmod	27
X	26	μάλιστα	ADV	Df	Degree=Sup	μάλα	advmod	27
X	27	ἐνδώσειν	VERB	V-	Tense=Fut|VerbForm=Inf|Voice=Act	ἐνδίδωμι	xcomp	22
X	28	,	PUNCT	Z		,	punct	7
X	29	ἔπεμπεν	VERB	V-	Aspect=Imp|Mood=Ind|Number=Sing|Person=3|Tense=Past|VerbForm=Fin|Voice=Act	πέμπω	ROOT	29
X	30	ἐς	ADP	R-		εἰς	case	31
X	31	Ῥώμην	PROPN	Ne	Case=Acc|Gender=Fem|Number=Sing	Ῥώμη	obl	29
X	32	Κινέαν	PROPN	Ne	Case=Acc|Gender=Masc|Number=Sing	Κινέας	obj	29
X	33	τὸν	DET	S-	Case=Acc|Definite=Def|Gender=Masc|Number=Sing|PronType=Dem	ὁ	det	34
X	34	Θεσσαλόν	ADJ	A-	Case=Acc|Degree=Pos|Gender=Masc|Number=Sing	θεσσαλός	appos	32
X	35	,	PUNCT	Z		,	advcl	29
X	36	δόξαν	NOUN	Nb	Case=Acc|Gender=Fem|Number=Sing	δόξα	obj	39
X	37	ἐπὶ	ADP	R-		ἐπί	case	38
X	38	λόγοις	NOUN	Nb	Case=Dat|Gender=Masc|Number=Plur	λόγος	obl	39
X	39	ἔχοντα	VERB	V-	Case=Acc|Gender=Masc|Number=Sing|Tense=Pres|VerbForm=Part|Voice=Act	ἔχω	advcl	29
X	40	μιμεῖσθαι	VERB	V-	Tense=Pres|VerbForm=Inf|Voice=Mid	μιμέομαι	acl	36
X	41	τὴν	DET	S-	Case=Acc|Definite=Def|Gender=Fem|Number=Sing|PronType=Dem	ὁ	det	43
X	42	Δημοσθένους	PROPN	Ne	Case=Gen|Gender=Masc|Number=Sing	Δημοσθένης	nmod	43
X	43	ἀρετήν	NOUN	Nb	Case=Acc|Gender=Fem|Number=Sing	ἀρετή	obj	40
X	44	.	PUNCT	Z		.	punct	29
X	45	καὶ	CCONJ	C-		καί	cc	58
X	46	παρελθὼν	VERB	V-	Aspect=Perf|Case=Nom|Gender=Masc|Number=Sing|Tense=Past|VerbForm=Part|Voice=Act	παρέρχομαι	advcl	58
X	47	ὁ	DET	S-	Case=Nom|Definite=Def|Gender=Masc|Number=Sing|PronType=Dem	ὁ	det	48
X	48	Κινέας	PROPN	Ne	Case=Nom|Gender=Masc|Number=Sing	Κινέας	nsubj	58
X	49	ἐς	ADP	R-		εἰς	case	51
X	50	τὸ	DET	S-	Case=Acc|Definite=Def|Gender=Neut|Number=Sing|PronType=Dem	ὁ	det	51
X	51	βουλευτήριον	NOUN	Nb	Case=Acc|Gender=Neut|Number=Sing	βουλευτήριον	obl	46
X	52	ἄλλα	ADJ	Px	Case=Acc|Gender=Neut|Number=Plur	ἄλλος	obj	58
X	53	τε	CCONJ	C-		τε	cc	58
X	54	πολλὰ	ADJ	A-	Case=Acc|Degree=Pos|Gender=Neut|Number=Plur	πολύς	amod	52
X	55	περὶ	ADP	R-		περί	case	57
X	56	τοῦ	DET	S-	Case=Gen|Definite=Def|Gender=Masc|Number=Sing|PronType=Dem	ὁ	det	57
X	57	βασιλέως	NOUN	Nb	Case=Gen|Gender=Masc|Number=Sing	βασιλεύς	obl	58
X	58	ἐσεμνολόγει	VERB	V-	Aspect=Imp|Mood=Ind|Number=Sing|Person=3|Tense=Past|VerbForm=Fin|Voice=Act	ἐσεμνολόγω	ROOT	58
X	59	,	PUNCT	Z		,	cc	58
X	60	καὶ	CCONJ	C-		καί	cc	58
X	61	τὴν	DET	S-	Case=Acc|Definite=Def|Gender=Fem|Number=Sing|PronType=Dem	ὁ	det	65
X	62	ἐπὶ	ADP	R-		ἐπί	case	64
X	63	τῷ	DET	S-	Case=Dat|Definite=Def|Gender=Masc|Number=Sing|PronType=Dem	ὁ	det	64
X	64	ἀγῶνι	NOUN	Nb	Case=Dat|Gender=Masc|Number=Sing	ἀγών	nmod	65
X	65	μετριοπάθειαν	NOUN	Nb	Case=Acc|Gender=Fem|Number=Sing	μετριοπάθεια	obj	66
X	66	κατελογίζετο	VERB	V-	Aspect=Imp|Mood=Ind|Number=Sing|Person=3|Tense=Past|VerbForm=Fin|Voice=Mid	κατελογίζω	conj	58
X	67	,	PUNCT	Z		,	cc	58
X	68	μήτʼ	CCONJ	C-		μήτε	cc	73
X	69	ἐπὶ	ADP	R-		ἐπί	case	71
X	70	τὴν	DET	S-	Case=Acc|Definite=Def|Gender=Fem|Number=Sing|PronType=Dem	ὁ	det	71
X	71	πόλιν	NOUN	Nb	Case=Acc|Gender=Fem|Number=Sing	πόλις	obl	73
X	72	εὐθὺς	ADV	Df		εὐθύς	advmod	73
X	73	ἐλάσαντος	VERB	V-	Aspect=Perf|Case=Gen|Gender=Masc|Number=Sing|Tense=Past|VerbForm=Part|Voice=Act	ἐλαύνω	ROOT	73
X	74	μήτʼ	CCONJ	C-		μήτε	cc	73
X	75	ἐπὶ	ADP	R-		ἐπί	case	78
X	76	τὸ	DET	S-	Case=Acc|Definite=Def|Gender=Neut|Number=Sing|PronType=Dem	ὁ	det	78
X	77	ἡσσημένον	VERB	V-	Aspect=Perf|Case=Acc|Gender=Neut|Number=Sing|Tense=Past|VerbForm=Part|Voice=Pass	ἡσσάομαι	acl	78
X	78	στρατόπεδον	NOUN	Nb	Case=Acc|Gender=Neut|Number=Sing	στρατόπεδον	conj	73
X	79	·	PUNCT	Z		·	ROOT	79
X	80	ἐδίδου	VERB	V-	Aspect=Imp|Mood=Ind|Number=Sing|Person=3|Tense=Past|VerbForm=Fin|Voice=Act	δίδωμι	ROOT	80
X	81	δʼ	ADV	Df		δέ	discourse	80
X	82	αὐτοῖς	PRON	Pp	Case=Dat|Gender=Masc|Number=Plur|Person=3|PronType=Prs	αὐτός	iobj	80
X	83	εἰρήνην	NOUN	Nb	Case=Acc|Gender=Fem|Number=Sing	εἰρήνη	obj	80
X	84	καὶ	CCONJ	C-		καί	cc	83
X	85	φιλίαν	NOUN	Nb	Case=Acc|Gender=Fem|Number=Sing	φιλία	conj	83
X	86	καὶ	CCONJ	C-		καί	cc	83
X	87	συμμαχίαν	NOUN	Nb	Case=Acc|Gender=Fem|Number=Sing	συμμαχία	conj	83
X	88	πρὸς	ADP	R-		πρός	case	89
X	89	Πύρρον	PROPN	Ne	Case=Acc|Gender=Masc|Number=Sing	Πύρρος	nmod	83
X	90	,	PUNCT	Z		,	dep	80
X	91	εἰ	SCONJ	G-		εἰ	mark	96
X	92	Ταραντίνους	NOUN	Nb	Case=Acc|Gender=Masc|Number=Plur	Ταραντῖνος	obj	96
X	93	μὲν	ADV	Df		μέν	discourse	92
X	94	ἐς	ADP	R-		εἰς	case	95
X	95	ταῦτα	ADJ	Pd	Case=Acc|Gender=Neut|Number=Plur	οὗτος	obl	96
X	96	συμπεριλάβοιεν	VERB	V-	Aspect=Perf|Mood=Opt|Number=Plur|Person=3|Tense=Past|VerbForm=Fin|Voice=Act	συμπεριλάβω	advcl	80
X	97	,	PUNCT	Z		,	punct	80
X	98	τοὺς	DET	S-	Case=Acc|Definite=Def|Gender=Masc|Number=Plur|PronType=Dem	ὁ	det	101
X	99	δʼ	ADV	Df		δέ	discourse	109
X	100	ἄλλους	DET	Px	Case=Acc|Gender=Masc|Number=Plur	ἄλλος	det	101
X	101	Ἕλληνας	NOUN	Nb	Case=Acc|Gender=Masc|Number=Plur	Ἕλλην	obj	109
X	102	τοὺς	DET	S-	Case=Acc|Definite=Def|Gender=Masc|Number=Plur|PronType=Dem	ὁ	det	105
X	103	ἐν	ADP	R-		ἐν	case	104
X	104	Ἰταλίᾳ	PROPN	Ne	Case=Dat|Gender=Fem|Number=Sing	Ἰταλία	obl	105
X	105	κατοικοῦντας	VERB	V-	Case=Acc|Gender=Masc|Number=Plur|Tense=Pres|VerbForm=Part|Voice=Act	κατοικέω	nmod	101
X	106	ἐλευθέρους	ADJ	A-	Case=Acc|Degree=Pos|Gender=Masc|Number=Plur	ἐλεύθερος	xcomp	109
X	107	καὶ	CCONJ	C-		καί	cc	106
X	108	αὐτονόμους	ADJ	A-	Case=Acc|Degree=Pos|Gender=Masc|Number=Plur	αὐτόνομος	conj	106
X	109	ἐῷεν	VERB	V-	Mood=Opt|Number=Plur|Person=3|Tense=Pres|VerbForm=Fin|Voice=Act	ἐάω	ROOT	109
X	110	,	PUNCT	Z		,	punct	109
X	111	Λευκανοῖς	ADJ	A-	Case=Dat|Degree=Pos|Gender=Masc|Number=Plur	Λευκανός	iobj	119
X	112	δὲ	ADV	Df		δέ	discourse	119
X	113	καὶ	CCONJ	C-		καί	dep	118
X	114	Σαυνίταις	NOUN	Nb	Case=Dat|Gender=Masc|Number=Plur	Σαυνίτης	dep	118
X	115	καὶ	CCONJ	C-		καί	cc	114
X	116	Δαυνίοις	ADJ	A-	Case=Dat|Degree=Pos|Gender=Masc|Number=Plur	Δαυνῖος	conj	114
X	117	καὶ	CCONJ	C-		καί	cc	114
X	118	Βρεττίοις	ADJ	A-	Case=Dat|Degree=Pos|Gender=Masc|Number=Plur	Βρεττῖος	dep	119
X	119	ἀποδοῖεν	VERB	V-	Aspect=Perf|Mood=Opt|Number=Plur|Person=3|Tense=Past|VerbForm=Fin|Voice=Act	ἀποδέω	ROOT	119
X	120	ὅσα	PRON	Pr	Case=Acc|Gender=Neut|Number=Plur|PronType=Rel	ὅσος	obj	122
X	121	αὐτῶν	PRON	Pp	Case=Gen|Gender=Masc|Number=Plur|Person=3|PronType=Prs	αὐτός	iobj	122
X	122	ἔχουσι	VERB	V-	Mood=Ind|Number=Plur|Person=3|Tense=Pres|VerbForm=Fin|Voice=Act	ἔχω	obj	119
X	123	πολέμῳ	NOUN	Nb	Case=Dat|Gender=Masc|Number=Sing	πόλεμος	obl	124
X	124	λαβόντες	VERB	V-	Aspect=Perf|Case=Nom|Gender=Masc|Number=Plur|Tense=Past|VerbForm=Part|Voice=Act	λαμβάνω	advcl	122
X	125	.	PUNCT	Z		.	punct	119
X	126	καὶ	CCONJ	C-		καί	cc	128
X	127	γιγνομένων	VERB	V-	Case=Gen|Gender=Neut|Number=Plur|Tense=Pres|VerbForm=Part|Voice=Mid	γίγνομαι	advcl	128
X	128	ἔφη	VERB	V-	Aspect=Imp|Mood=Ind|Number=Sing|Person=3|Tense=Past|VerbForm=Fin|Voice=Act	φημί	ROOT	128
X	129	τούτων	ADJ	Pd	Case=Gen|Gender=Neut|Number=Plur	οὗτος	dep	128
X	130	Πύρρον	PROPN	Ne	Case=Acc|Gender=Masc|Number=Sing	Πύρρος	nsubj	131
X	131	ἀποδώσειν	VERB	V-	Tense=Fut|VerbForm=Inf|Voice=Act	ἀποδίδωμι	xcomp	128
X	132	αὐτοῖς	PRON	Pp	Case=Dat|Gender=Masc|Number=Plur|Person=3|PronType=Prs	αὐτός	iobj	131
X	133	τοὺς	DET	S-	Case=Acc|Definite=Def|Gender=Masc|Number=Plur|PronType=Dem	ὁ	det	134
X	134	αἰχμαλώτους	ADJ	A-	Case=Acc|Degree=Pos|Gender=Masc|Number=Plur	αἰχμάλωτος	obj	131
X	135	ἄνευ	ADP	R-		ἄνευ	case	136
X	136	λύτρων	NOUN	Nb	Case=Gen|Gender=Neut|Number=Plur	λύτρον	obl	131
X	137	.	PUNCT	Z		.	punct	128
X	138	οἱ	PRON	Pp	Case=Nom|Gender=Masc|Number=Plur|Person=3|PronType=Prs	ὁ	nsubj	140
X	139	δʼ	ADV	Df		δέ	discourse	140
X	140	ἐνεδοίαζον	VERB	V-	Aspect=Imp|Mood=Ind|Number=Plur|Person=3|Tense=Past|VerbForm=Fin|Voice=Act	ἐνεδοίαζον	ROOT	140
X	141	ἐπὶ	ADP	R-		ἐπί	case	142
X	142	πλεῖστον	ADJ	A-	Case=Acc|Degree=Sup|Gender=Neut|Number=Sing	πολύς	advmod	140
X	143	,	PUNCT	Z		,	punct	140
X	144	τῇ	DET	S-	Case=Dat|Definite=Def|Gender=Fem|Number=Sing|PronType=Dem	ὁ	det	146
X	145	τε	CCONJ	C-		τε	cc	146
X	146	δόξῃ	NOUN	Nb	Case=Dat|Gender=Fem|Number=Sing	δόξα	iobj	153
X	147	τοῦ	DET	S-	Case=Gen|Definite=Def|Gender=Masc|Number=Sing|PronType=Dem	ὁ	det	148
X	148	Πύρρου	PROPN	Ne	Case=Gen|Gender=Masc|Number=Sing	Πυρρός	nmod	146
X	149	καὶ	CCONJ	C-		καί	cc	146
X	150	τῷ	DET	S-	Case=Dat|Definite=Def|Gender=Neut|Number=Sing|PronType=Dem	ὁ	det	152
X	151	συμβεβηκότι	VERB	V-	Aspect=Perf|Case=Dat|Gender=Neut|Number=Sing|Tense=Past|VerbForm=Part|Voice=Act	συμβαίνω	acl	152
X	152	πάθει	NOUN	Nb	Case=Dat|Gender=Neut|Number=Sing	πάθος	conj	146
X	153	καταπλαγέντες	VERB	V-	Aspect=Perf|Case=Nom|Gender=Masc|Number=Plur|Tense=Past|VerbForm=Part|Voice=Act	καταπλήσσω	advcl	165
X	154	,	PUNCT	Z		,	obl	153
X	155	ἕως	SCONJ	G-		ἕως	mark	164
X	156	Ἄππιος	PROPN	Ne	Case=Nom|Gender=Masc|Number=Sing	Ἄππιος	nsubj:pass	164
X	157	Κλαύδιος	PROPN	Ne	Case=Nom|Gender=Masc|Number=Sing	Κλαύδιος	appos	156
X	158	,	PUNCT	Z		,	appos	156
X	159	ὁ	DET	S-	Case=Nom|Definite=Def|Gender=Masc|Number=Sing|PronType=Dem	ὁ	det	160
X	160	Καῖκος	PROPN	Ne	Case=Nom|Gender=Masc|Number=Sing	Καῖκος	appos	156
X	161	ἐπίκλησιν	NOUN	Nb	Case=Acc|Gender=Fem|Number=Sing	ἐπίκλησις	appos	156
X	162	,	PUNCT	Z		,	appos	156
X	163	ἤδη	ADV	Df		ἤδη	advmod	164
X	164	τετυφλωμένος	VERB	V-	Aspect=Perf|Case=Nom|Gender=Masc|Number=Sing|Tense=Past|VerbForm=Part|Voice=Pass	τυφλόω	advcl	154
X	165	,	PUNCT	Z		,	ROOT	165
X	166	ἐς	ADP	R-		εἰς	case	168
X	167	τὸ	DET	S-	Case=Acc|Definite=Def|Gender=Neut|Number=Sing|PronType=Dem	ὁ	det	168
X	168	βουλευτήριον	NOUN	Nb	Case=Acc|Gender=Neut|Number=Sing	βουλευτήριον	obl	172
X	169	τοῖς	DET	S-	Case=Dat|Definite=Def|Gender=Masc|Number=Plur|PronType=Dem	ὁ	det	170
X	170	παισὶν	NOUN	Nb	Case=Dat|Gender=Masc|Number=Plur	παῖς	iobj	173
X	171	αὑτὸν	PRON	Pp	Case=Acc|Gender=Masc|Number=Sing|Person=3|PronType=Prs	αὐτός	obj	172
X	172	ἀγαγεῖν	VERB	V-	Aspect=Perf|Tense=Past|VerbForm=Inf|Voice=Act	ἄγω	xcomp	173
X	173	κελεύσας	VERB	V-	Aspect=Perf|Case=Nom|Gender=Masc|Number=Sing|Tense=Past|VerbForm=Part|Voice=Act	κελεύω	advcl	165
X	174	,	PUNCT	Z		,	parataxis	165
X	175	ἠχθόμην	VERB	V-	Aspect=Imp|Mood=Ind|Number=Sing|Person=1|Tense=Past|VerbForm=Fin|Voice=Mid	ἄχθομαι	ROOT	175
X	176	,	PUNCT	Z		,	advmod	175
X	177	εἶπεν	VERB	V-	Aspect=Perf|Mood=Ind|Number=Sing|Person=3|Tense=Past|VerbForm=Fin|Voice=Act	λέγω	ccomp	175
X	178	,	PUNCT	Z		,	conj	175
X	179	ὅτι	SCONJ	G-		ὅτι	mark	181
X	180	μὴ	ADV	Df	Polarity=Neg	μή	advmod	181
X	181	βλέπω	VERB	V-	Mood=Ind|Number=Sing|Person=1|Tense=Pres|VerbForm=Fin|Voice=Act	βλέπω	ccomp	178
X	182	·	PUNCT	Z		·	punct	175
X	183	νῦν	ADV	Df		νῦν	advmod	186
X	184	δʼ	ADV	Df		δέ	discourse	186
X	185	ὅτι	SCONJ	G-		ὅτι	mark	186
X	186	ἀκούω	VERB	V-	Mood=Ind|Number=Sing|Person=1|Tense=Pres|VerbForm=Fin|Voice=Act	ἀκούω	ROOT	186
X	187	.	PUNCT	Z		.	punct	186
X	188	τὰ	DET	S-	Case=Acc|Definite=Def|Gender=Neut|Number=Plur|PronType=Dem	ὁ	det	210
X	189	γὰρ	ADV	Df		γάρ	discourse	193
X	190	τοιαῦτα	DET	Pd	Case=Acc|Gender=Neut|Number=Plur	τοιοῦτος	det	192
X	191	ὑμῶν	PRON	Pp	Case=Gen|Gender=Masc|Number=Plur|Person=2|PronType=Prs	ὑμεῖς	det	192
X	192	βουλεύματα	NOUN	Nb	Case=Acc|Gender=Neut|Number=Plur	βούλευμα	nsubj	195
X	193	ἠξίουν	VERB	V-	Aspect=Imp|Mood=Ind|Number=Plur|Person=3|Tense=Past|VerbForm=Fin|Voice=Act	ἀξιόω	ROOT	193
X	194	μήθʼ	CCONJ	C-		μήτε	cc	195
X	195	ὁρᾶν	VERB	V-	Tense=Pres|VerbForm=Inf|Voice=Act	ὁράω	ccomp	193
X	196	μήτʼ	CCONJ	C-		μήτε	cc	195
X	197	ἀκούειν	VERB	V-	Tense=Pres|VerbForm=Inf|Voice=Act	ἀκούω	conj	195
X	198	,	PUNCT	Z		,	dep	193
X	199	οἳ	PRON	Pr	Case=Nom|Gender=Masc|Number=Plur|PronType=Rel	ὁ	nsubj	206
X	200	διʼ	ADP	R-		διά	case	202
X	201	ἓν	NUM	Ma	Case=Acc|Gender=Neut|Number=Sing	εἷς	nummod	202
X	202	ἀτύχημα	NOUN	Nb	Case=Acc|Gender=Neut|Number=Sing	ἀτύχημα	obl	206
X	203	ἀθρόως	ADV	Df		ἀθρόος	advmod	206
X	204	οὕτως	ADV	Df		οὕτως	advmod	206
X	205	ἑαυτῶν	PRON	Pk	Case=Gen|Gender=Masc|Number=Plur|Person=3|PronType=Prs|Reflex=Yes	ἑαυτοῦ	iobj	206
X	206	ἐκλέλησθε	VERB	V-	Aspect=Perf|Mood=Ind|Number=Plur|Person=2|Tense=Past|VerbForm=Fin|Voice=Mid	ἐκλανθάνομαι	acl	198
X	207	,	PUNCT	Z		,	dep	193
X	208	καὶ	CCONJ	C-		καί	cc	193
X	209	τὸν	DET	S-	Case=Acc|Definite=Def|Gender=Masc|Number=Sing|PronType=Dem	ὁ	det	211
X	210	τοῦτο	ADJ	Pd	Case=Acc|Gender=Neut|Number=Sing	οὗτος	obj	211
X	211	δράσαντα	VERB	V-	Aspect=Perf|Case=Acc|Gender=Masc|Number=Sing|Tense=Past|VerbForm=Part|Voice=Act	δράω	nsubj	218
X	212	αὐτόν	DET	Pd	Case=Acc|Gender=Masc|Number=Sing	αὐτός	det	211
X	213	τε	CCONJ	C-		τε	cc	212
X	214	καὶ	CCONJ	C-		καί	cc	212
X	215	τοὺς	DET	S-	Case=Acc|Definite=Def|Gender=Masc|Number=Plur|PronType=Dem	ὁ	det	216
X	216	ἐπαγαγομένους	VERB	V-	Aspect=Perf|Case=Acc|Gender=Masc|Number=Plur|Tense=Past|VerbForm=Part|Voice=Mid	ἐπάγω	conj	212
X	217	αὐτὸν	PRON	Pp	Case=Acc|Gender=Masc|Number=Sing|Person=3|PronType=Prs	αὐτός	obj	216
X	218	βουλεύεσθε	VERB	V-	Mood=Ind|Number=Plur|Person=2|Tense=Pres|VerbForm=Fin|Voice=Mid	βουλεύω	conj	193
X	219	φίλους	NOUN	Nb	Case=Acc|Gender=Masc|Number=Plur	φίλος	xcomp	222
X	220	ἀντὶ	ADP	R-		ἀντί	case	221
X	221	πολεμίων	ADJ	A-	Case=Gen|Degree=Pos|Gender=Masc|Number=Plur	πολέμιος	obl	222
X	222	θέσθαι	VERB	V-	Aspect=Perf|Tense=Past|VerbForm=Inf|Voice=Mid	τίθημι	xcomp	218
X	223	,	PUNCT	Z		,	dep	193
X	224	καὶ	CCONJ	C-		καί	cc	223
X	225	τὰ	DET	S-	Case=Acc|Definite=Def|Gender=Neut|Number=Plur|PronType=Dem	ὁ	det	228
X	226	τῶν	DET	S-	Case=Gen|Definite=Def|Number=Plur|PronType=Dem	ὁ	det	227
X	227	προγόνων	NOUN	Nb	Case=Gen|Gender=Masc|Number=Plur	πρόγονος	nmod	228
X	228	κτήματα	NOUN	Nb	Case=Acc|Gender=Neut|Number=Plur	κτῆμα	obj	232
X	229	Λευκανοῖς	ADJ	A-	Case=Dat|Degree=Pos|Gender=Masc|Number=Plur	Λευκανός	iobj	232
X	230	καὶ	CCONJ	C-		καί	cc	229
X	231	Βρεττίοις	ADJ	A-	Case=Dat|Degree=Pos|Gender=Masc|Number=Plur	Βρεττῖος	conj	229
X	232	δοῦναι	VERB	V-	Aspect=Perf|Tense=Past|VerbForm=Inf|Voice=Act	δίδωμι	conj	223
X	233	.	PUNCT	Z		.	punct	193
X	234	τί	PRON	Pi	Case=Nom|Gender=Neut|Number=Sing|PronType=Int	τίς	ROOT	234
X	235	τοῦτʼ	ADJ	Pd	Case=Nom|Gender=Neut|Number=Sing	οὗτος	nsubj	234
X	236	ἐστὶν	AUX	V-	Mood=Ind|Number=Sing|Person=3|Tense=Pres|VerbForm=Fin|Voice=Act	εἰμί	cop	234
X	237	ἢ	ADV	Df		ἤ	advmod	234
X	238	Ῥωμαίους	ADJ	A-	Case=Acc|Degree=Pos|Gender=Masc|Number=Plur	Ῥωμαῖος	nsubj	241
X	239	ἐπὶ	ADP	R-		ἐπί	case	240
X	240	Μακεδόσι	NOUN	Nb	Case=Dat|Gender=Masc|Number=Plur	Μακεδών	xcomp	241
X	241	γενέσθαι	VERB	V-	Aspect=Perf|Tense=Past|VerbForm=Inf|Voice=Mid	γίγνομαι	ccomp	237
X	242	;	PUNCT	Z		;	punct	234
X	243	καὶ	CCONJ	C-		καί	cc	249
X	244	ταῦτά	ADJ	Pd	Case=Acc|Gender=Neut|Number=Plur	οὗτος	obj	250
X	245	τινες	ADJ	Px	Case=Nom|Gender=Masc|Number=Plur	τίς	nsubj	249
X	246	εἰρήνην	NOUN	Nb	Case=Acc|Gender=Fem|Number=Sing	εἰρήνη	obj	250
X	247	ἀντὶ	ADP	R-		ἀντί	case	248
X	248	δουλείας	NOUN	Nb	Case=Gen|Gender=Fem|Number=Sing	δουλεία	nmod	246
X	249	τολμῶσιν	VERB	V-	Mood=Ind|Number=Plur|Person=3|Tense=Pres|VerbForm=Fin|Voice=Act	τολμάω	ROOT	249
X	250	ὀνομάζειν	VERB	V-	Tense=Pres|VerbForm=Inf|Voice=Act	ὀνομάζω	xcomp	249
X	251	.	PUNCT	Z		.	punct	249
X	252	ἄλλα	ADJ	A-	Case=Acc|Degree=Pos|Gender=Neut|Number=Plur	ἄλλος	obj	259
X	253	τε	CCONJ	C-		τε	cc	255
X	254	πολλὰ	ADJ	A-	Case=Acc|Degree=Pos|Gender=Neut|Number=Plur	πολύς	amod	255
X	255	ὅμοια	ADJ	A-	Case=Acc|Degree=Pos|Gender=Neut|Number=Plur	ὅμοιος	conj	252
X	256	τούτοις	ADJ	Pd	Case=Dat|Gender=Neut|Number=Plur	οὗτος	iobj	255
X	257	ὁ	DET	S-	Case=Nom|Definite=Def|Gender=Masc|Number=Sing|PronType=Dem	ὁ	det	258
X	258	Ἄππιος	PROPN	Ne	Case=Nom|Gender=Masc|Number=Sing	Ἄππιος	nsubj	262
X	259	εἰπὼν	VERB	V-	Aspect=Perf|Case=Nom|Gender=Masc|Number=Sing|Tense=Past|VerbForm=Part|Voice=Act	λέγω	advcl	262
X	260	καὶ	CCONJ	C-		καί	cc	259
X	261	ἐρεθίσας	VERB	V-	Aspect=Perf|Case=Nom|Gender=Masc|Number=Sing|Tense=Past|VerbForm=Part|Voice=Act	ἐρεθίω	conj	259
X	262	,	PUNCT	Z		,	advcl	263
X	263	ἐσηγήσατο	VERB	V-	Aspect=Perf|Mood=Ind|Number=Sing|Person=3|Tense=Past|VerbForm=Fin|Voice=Mid	ἐσηγέω	ROOT	263
X	264	Πύρρον	PROPN	Ne	Case=Acc|Gender=Masc|Number=Sing	Πύρρος	obj	263
X	265	,	PUNCT	Z		,	xcomp	263
X	266	εἰ	SCONJ	G-		εἰ	mark	267
X	267	δέοιτο	VERB	V-	Mood=Opt|Number=Sing|Person=3|Tense=Pres|VerbForm=Fin|Voice=Mid	δέω	advcl	263
X	268	τῆς	DET	S-	Case=Gen|Definite=Def|Gender=Fem|Number=Sing|PronType=Dem	ὁ	det	270
X	269	Ῥωμαίων	ADJ	A-	Case=Gen|Degree=Pos|Gender=Masc|Number=Plur	Ῥωμαῖος	amod	270
X	270	φιλίας	NOUN	Nb	Case=Gen|Gender=Fem|Number=Sing	φιλία	iobj	267
X	271	καὶ	CCONJ	C-		καί	cc	270
X	272	συμμαχίας	NOUN	Nb	Case=Gen|Gender=Fem|Number=Sing	συμμαχία	conj	270
X	273	,	PUNCT	Z		,	punct	263
X	274	ἐξ	ADP	R-		ἐκ	case	275
X	275	Ἰταλίας	PROPN	Ne	Case=Gen|Gender=Fem|Number=Sing	Ἰταλία	obl	276
X	276	ἀπελθόντα	VERB	V-	Aspect=Perf|Case=Acc|Gender=Masc|Number=Sing|Tense=Past|VerbForm=Part|Voice=Act	ἀπέρχομαι	advcl	277
X	277	πρεσβεύειν	VERB	V-	Tense=Pres|VerbForm=Inf|Voice=Act	πρεσβεύω	ROOT	277
X	278	,	PUNCT	Z		,	advmod	283
X	279	παρόντα	VERB	V-	Case=Acc|Gender=Masc|Number=Sing|Tense=Pres|VerbForm=Part|Voice=Act	πάρειμι	advcl	283
X	280	δὲ	ADV	Df		δέ	discourse	283
X	281	μήτε	CCONJ	C-		μήτε	cc	282
X	282	φίλον	NOUN	Nb	Case=Acc|Gender=Masc|Number=Sing	φίλος	xcomp	283
X	283	ἡγεῖσθαι	VERB	V-	Tense=Pres|VerbForm=Inf|Voice=Mid	ἡγέομαι	ROOT	283
X	284	μήτε	CCONJ	C-		μήτε	cc	283
X	285	σύμμαχον	ADJ	A-	Case=Acc|Degree=Pos|Gender=Masc|Number=Sing	σύμμαχος	conj	283
X	286	μήτε	CCONJ	C-		μήτε	cc	283
X	287	Ῥωμαίοις	ADJ	A-	Case=Dat|Degree=Pos|Gender=Masc|Number=Plur	Ῥωμαῖος	orphan	288
X	288	δικαστὴν	NOUN	Nb	Case=Acc|Gender=Masc|Number=Sing	δικαστής	conj	283
X	289	ἢ	CCONJ	C-		ἤ	cc	288
X	290	διαιτητήν	NOUN	Nb	Case=Acc|Gender=Masc|Number=Sing	διαιτητή	conj	288
X	291	.	PUNCT	Z		.	punct	283
X	292	καὶ	CCONJ	C-		καί	cc	300
X	293	ἡ	DET	S-	Case=Nom|Definite=Def|Gender=Fem|Number=Sing|PronType=Dem	ὁ	det	294
X	294	βουλὴ	NOUN	Nb	Case=Nom|Gender=Fem|Number=Sing	βουλή	nsubj	300
X	295	ταῦθʼ	ADJ	Pd	Case=Acc|Gender=Neut|Number=Plur	οὗτος	obj	300
X	296	ἅπερ	PRON	Pr	Case=Acc|Gender=Neut|Number=Plur|PronType=Rel	ὅς	obj	299
X	297	καὶ	CCONJ	C-		καί	cc	299
X	298	Ἄππιος	PROPN	Ne	Case=Nom|Gender=Masc|Number=Sing	Ἄππιος	nsubj	299
X	299	εἶπεν	VERB	V-	Aspect=Perf|Mood=Ind|Number=Sing|Person=3|Tense=Past|VerbForm=Fin|Voice=Act	λέγω	acl	295
X	300	ἀπεκρίνατο	VERB	V-	Aspect=Perf|Mood=Ind|Number=Sing|Person=3|Tense=Past|VerbForm=Fin|Voice=Mid	ἀποκρίνω	ROOT	300
X	301	Κινέᾳ	PROPN	Ne	Case=Acc|Gender=Masc|Number=Sing	Κινέᾳς	obj	300
X	302	.	PUNCT	Z		.	punct	300
X	303	Λαιουίνῳ	PROPN	Ne	Case=Dat|Gender=Masc|Number=Sing	Λαιουῖνος	iobj	309
X	304	δʼ	ADV	Df		δέ	discourse	309
X	305	ἄλλα	ADJ	A-	Case=Acc|Degree=Pos|Gender=Neut|Number=Plur	ἄλλος	amod	307
X	306	δύο	NUM	Ma		δύο	nummod	307
X	307	τέλη	NOUN	Nb	Case=Acc|Gender=Neut|Number=Plur	τέλος	obj	308
X	308	καταλέγοντες	VERB	V-	Case=Nom|Gender=Masc|Number=Plur|Tense=Pres|VerbForm=Part|Voice=Act	καταλέγω	advcl	309
X	309	ἐκήρυξαν	VERB	V-	Aspect=Perf|Mood=Ind|Number=Plur|Person=3|Tense=Past|VerbForm=Fin|Voice=Act	κηρύσσω	ROOT	309
X	310	οὕτως	ADV	Df		οὕτως	advmod	309
X	311	,	PUNCT	Z		,	dep	309
X	312	εἴ	SCONJ	G-		εἰ	mark	318
X	313	τις	ADJ	Px	Case=Nom|Gender=Masc|Number=Sing	τίς	nsubj	318
X	314	ἀντὶ	ADP	R-		ἀντί	case	316
X	315	τῶν	DET	S-	Case=Gen|Definite=Def|Gender=Masc|Number=Plur|PronType=Dem	ὁ	det	316
X	316	ἀπολωλότων	VERB	V-	Aspect=Perf|Case=Gen|Gender=Neut|Number=Plur|Tense=Past|VerbForm=Part|Voice=Pass	ἀπόλλυμι	obl	318
X	317	αὑτὸν	PRON	Pp	Case=Acc|Gender=Masc|Number=Sing|Person=3|PronType=Prs	αὐτός	obj	318
X	318	ἐπιδίδωσιν	VERB	V-	Mood=Ind|Number=Sing|Person=3|Tense=Pres|VerbForm=Fin|Voice=Act	ἐπιδίδωμι	dep	309
X	319	,	PUNCT	Z		,	dep	309
X	320	ἐς	ADP	R-		εἰς	case	322
X	321	τὴν	DET	S-	Case=Acc|Definite=Def|Gender=Fem|Number=Sing|PronType=Dem	ὁ	det	322
X	322	στρατιὰν	NOUN	Nb	Case=Acc|Gender=Fem|Number=Sing	στρατιά	obl	323
X	323	ἀπογράφεσθαι	VERB	V-	Tense=Pres|VerbForm=Inf|Voice=Pass	ἀπογράφω	ccomp	309
X	324	.	PUNCT	Z		.	punct	309
X	325	καὶ	CCONJ	C-		καί	cc	330
X	326	ὁ	DET	S-	Case=Nom|Definite=Def|Gender=Masc|Number=Sing|PronType=Dem	ὁ	det	327
X	327	Κινέας	PROPN	Ne	Case=Nom|Gender=Masc|Number=Sing	Κινέας	nsubj	330
X	328	ἔτι	ADV	Df		ἔτι	advmod	329
X	329	παρών	VERB	V-	Case=Nom|Gender=Masc|Number=Sing|Tense=Pres|VerbForm=Part|Voice=Act	πάρειμι	advcl	330
X	330	,	PUNCT	Z		,	ROOT	330
X	331	καὶ	CCONJ	C-		καί	cc	330
X	332	θεώμενος	VERB	V-	Case=Nom|Gender=Masc|Number=Sing|Tense=Pres|VerbForm=Part|Voice=Mid	θεάομαι	conj	330
X	333	αὐτοὺς	PRON	Pp	Case=Acc|Gender=Masc|Number=Plur|Person=3|PronType=Prs	αὐτός	obj	332
X	334	ὠθουμένους	VERB	V-	Case=Acc|Gender=Masc|Number=Plur|Tense=Pres|VerbForm=Part|Voice=Pass	ὠθουμένος	xcomp	332
X	335	ἐς	ADP	R-		εἰς	case	337
X	336	τὰς	DET	S-	Case=Acc|Definite=Def|Gender=Fem|Number=Plur|PronType=Dem	ὁ	det	337
X	337	ἀπογραφάς	NOUN	Nb	Case=Acc|Gender=Fem|Number=Plur	ἀπογραφή	obl	334
X	338	,	PUNCT	Z		,	punct	330
X	339	λέγεται	VERB	V-	Mood=Ind|Number=Sing|Person=3|Tense=Pres|VerbForm=Fin|Voice=Pass	λέγω	ROOT	339
X	340	πρὸς	ADP	R-		πρός	case	342
X	341	τὸν	DET	S-	Case=Acc|Definite=Def|Gender=Masc|Number=Sing|PronType=Dem	ὁ	det	342
X	342	Πύρρον	PROPN	Ne	Case=Acc|Gender=Masc|Number=Sing	Πύρρος	obl	344
X	343	ἐπανελθὼν	VERB	V-	Aspect=Perf|Case=Nom|Gender=Masc|Number=Sing|Tense=Past|VerbForm=Part|Voice=Act	ἐπανέρχομαι	advcl	344
X	344	εἰπεῖν	VERB	V-	Aspect=Perf|Tense=Past|VerbForm=Inf|Voice=Act	λέγω	csubj:pass	339
X	345	ὅτι	SCONJ	G-		ὅτι	mark	347
X	346	πρὸς	ADP	R-		πρός	case	347
X	347	ὕδραν	PROPN	Ne	Case=Acc|Gender=Fem|Number=Sing	ὕδρα	ccomp	344
X	348	ἐστὶν	AUX	V-	Mood=Ind|Number=Sing|Person=3|Tense=Pres|VerbForm=Fin|Voice=Act	εἰμί	cop	347
X	349	αὐτοῖς	PRON	Pp	Case=Dat|Gender=Masc|Number=Plur|Person=3|PronType=Prs	αὐτός	iobj	347
X	350	ὁ	DET	S-	Case=Nom|Definite=Def|Gender=Masc|Number=Sing|PronType=Dem	ὁ	det	351
X	351	πόλεμος	NOUN	Nb	Case=Nom|Gender=Masc|Number=Sing	πόλεμος	nsubj	347
X	352	.	PUNCT	Z		.	punct	339
X	353	οἱ	PRON	Pp	Case=Nom|Gender=Masc|Number=Plur|Person=3|PronType=Prs	ὁ	nsubj	356
X	354	δὲ	ADV	Df		δέ	discourse	353
X	355	οὐ	ADV	Df	Polarity=Neg	οὐ	advmod	356
X	356	Κινέαν	PROPN	Ne	Case=Acc|Gender=Masc|Number=Sing	Κινέας	ROOT	356
X	357	ἀλλὰ	CCONJ	C-		ἀλλά	cc	356
X	358	Πύρρον	PROPN	Ne	Case=Acc|Gender=Masc|Number=Sing	Πύρρος	nsubj	360
X	359	αὐτὸν	DET	Pd	Case=Acc|Gender=Masc|Number=Sing	αὐτός	det	358
X	360	εἰπεῖν	VERB	V-	Aspect=Perf|Tense=Past|VerbForm=Inf|Voice=Act	λέγω	conj	356
X	361	τοῦτο	DET	Pd	Case=Acc|Gender=Neut|Number=Sing	οὗτος	det	363
X	362	τὸ	DET	S-	Case=Acc|Definite=Def|Gender=Neut|Number=Sing|PronType=Dem	ὁ	det	363
X	363	ἔπος	NOUN	Nb	Case=Acc|Gender=Neut|Number=Sing	ἔπος	obj	360
X	364	,	PUNCT	Z		,	punct	356
X	365	ἰδόντα	VERB	V-	Aspect=Perf|Case=Acc|Gender=Masc|Number=Sing|Tense=Past|VerbForm=Part|Voice=Act	ὁράω	ROOT	365
X	366	τὴν	DET	S-	Case=Acc|Definite=Def|Gender=Fem|Number=Sing|PronType=Dem	ὁ	det	367
X	367	στρατιὰν	NOUN	Nb	Case=Acc|Gender=Fem|Number=Sing	στρατιά	obj	365
X	368	τῶν	DET	S-	Case=Gen|Definite=Def|Gender=Masc|Number=Plur|PronType=Dem	ὁ	det	369
X	369	Ῥωμαίων	ADJ	A-	Case=Gen|Degree=Pos|Gender=Masc|Number=Plur	Ῥωμαῖος	nmod	367
X	370	τῆς	DET	S-	Case=Gen|Definite=Def|Gender=Fem|Number=Sing|PronType=Dem	ὁ	det	371
X	371	προτέρας	ADJ	A-	Case=Gen|Degree=Pos|Gender=Fem|Number=Sing	πρότερος	iobj	372
X	372	πλείονα	ADJ	A-	Case=Acc|Degree=Cmp|Gender=Fem|Number=Sing	πολύς	xcomp	365
X	373	·	PUNCT	Z		·	ROOT	373
X	374	καὶ	CCONJ	C-		καί	dep	382
X	375	γὰρ	ADV	Df		γάρ	discourse	382
X	376	ὁ	DET	S-	Case=Nom|Definite=Def|Gender=Masc|Number=Sing|PronType=Dem	ὁ	det	378
X	377	ἕτερος	ADJ	A-	Case=Nom|Degree=Pos|Gender=Masc|Number=Sing	ἕτερος	amod	378
X	378	ὕπατος	NOUN	Nb	Case=Nom|Gender=Masc|Number=Sing	ὕπατος	nsubj	382
X	379	τῷ	DET	S-	Case=Dat|Definite=Def|Gender=Masc|Number=Sing|PronType=Dem	ὁ	det	380
X	380	Λαιουίνῳ	PROPN	Ne	Case=Gen|Gender=Masc|Number=Sing	Λαιουῖνος	nmod	378
X	381	Κορουγκάνιος	PROPN	Ne	Case=Nom|Gender=Masc|Number=Sing	Κορουγκάνιος	nsubj	382
X	382	ἧκεν	VERB	V-	Aspect=Perf|Mood=Ind|Number=Sing|Person=3|Tense=Past|VerbForm=Fin|Voice=Act	ἥκω	ROOT	382
X	383	ἐκ	ADP	R-		ἐκ	case	384
X	384	Τυρρηνίας	PROPN	Ne	Case=Gen|Gender=Fem|Number=Sing	Τυρσηνία	obl	382
X	385	μεθʼ	ADP	R-		μετά	case	387
X	386	ἧς	PRON	Pr	Case=Gen|Gender=Fem|Number=Sing|PronType=Rel	ὅς	det	388
X	387	εἶχε	VERB	V-	Aspect=Imp|Mood=Ind|Number=Sing|Person=3|Tense=Past|VerbForm=Fin|Voice=Act	ἔχω	advcl	382
X	388	παρασκευῆς	NOUN	Nb	Case=Gen|Gender=Fem|Number=Sing	παρασκευή	obl	387
X	389	.	PUNCT	Z		.	punct	382
X	390	λέγεται	VERB	V-	Mood=Ind|Number=Sing|Person=3|Tense=Pres|VerbForm=Fin|Voice=Pass	λέγω	ROOT	390
X	391	δὲ	ADV	Df		δέ	discourse	390
X	392	καὶ	ADV	Df		καί	advmod	397
X	393	τἆ	ADJ	Px	Case=Acc|Gender=Neut|Number=Plur	τἆ	det	397
X	394	λλα	ADJ	Px	Case=Acc|Gender=Neut|Number=Plur	λλα	det	397
X	395	περὶ	ADP	R-		περί	case	397
X	396	τῆς	DET	S-	Case=Gen|Definite=Def|Gender=Fem|Number=Sing|PronType=Dem	ὁ	det	397
X	397	Ῥώμης	PROPN	Ne	Case=Gen|Gender=Fem|Number=Sing	Ῥώμη	obl	390
X	398	πυνθανομένῳ	VERB	V-	Case=Dat|Gender=Masc|Number=Sing|Tense=Pres|VerbForm=Part|Voice=Mid	πυνθάνομαι	advcl	401
X	399	Πύρρῳ	PROPN	Ne	Case=Dat|Gender=Masc|Number=Sing	Πύρρος	obl	398
X	400	Κινέας	PROPN	Ne	Case=Nom|Gender=Masc|Number=Sing	Κινέης	nsubj	401
X	401	εἰπεῖν	VERB	V-	Aspect=Perf|Tense=Past|VerbForm=Inf|Voice=Act	λέγω	csubj:pass	390
X	402	ὅτι	SCONJ	G-		ὅτι	mark	403
X	403	πόλις	NOUN	Nb	Case=Nom|Gender=Fem|Number=Sing	πόλις	ccomp	401
X	404	ἐστὶ	AUX	V-	Mood=Ind|Number=Sing|Person=3|Tense=Pres|VerbForm=Fin|Voice=Act	εἰμί	cop	403
X	405	στρατηγῶν	NOUN	Nb	Case=Gen|Gender=Masc|Number=Plur	στρατηγός	nmod	403
X	406	ὅλη	ADJ	A-	Case=Nom|Degree=Pos|Gender=Fem|Number=Sing	ὅλος	amod	403
X	407	,	PUNCT	Z		,	dep	390
X	408	καὶ	CCONJ	C-		καί	cc	407
X	409	τοῦ	DET	S-	Case=Gen|Definite=Def|Gender=Masc|Number=Sing|PronType=Dem	ὁ	det	410
X	410	Πύρρου	PROPN	Ne	Case=Gen|Gender=Masc|Number=Sing	Πυρρός	nsubj	411
X	411	θαυμάσαντος	VERB	V-	Aspect=Perf|Case=Gen|Gender=Masc|Number=Sing|Tense=Past|VerbForm=Part|Voice=Act	θαυμάζω	advcl	413
X	412	μεταλαβὼν	VERB	V-	Aspect=Perf|Case=Nom|Gender=Masc|Number=Sing|Tense=Past|VerbForm=Part|Voice=Act	μεταλαμβάνω	advcl	413
X	413	φάναι	VERB	V-	Tense=Pres|VerbForm=Inf|Voice=Act	φημί	conj	407
X	414	,	PUNCT	Z		,	csubj:pass	390
X	415	βασιλέων	NOUN	Nb	Case=Gen|Gender=Masc|Number=Plur	βασιλεύς	csubj:pass	390
X	416	μᾶλλον	ADV	Df	Degree=Cmp	μᾶλλον	advmod	415
X	417	ἢ	ADV	Df		ἤ	advmod	416
X	418	στρατηγῶν	NOUN	Nb	Case=Gen|Gender=Masc|Number=Plur	στρατηγός	ccomp	417
X	419	.	PUNCT	Z		.	punct	390
X	420	Πύρρος	PROPN	Ne	Case=Nom|Gender=Masc|Number=Sing	Πύρρος	nsubj	422
X	421	δʼ	ADV	Df		δέ	discourse	422
X	422	,	PUNCT	Z		,	advcl	435
X	423	ὡς	SCONJ	G-		ὡς	mark	430
X	424	οὐδὲν	DET	Px	Case=Nom|Gender=Neut|Number=Sing	οὐδείς	det	425
X	425	εἰρηναῖόν	ADJ	A-	Case=Nom|Degree=Pos|Gender=Neut|Number=Sing	εἰρηναῖον	nsubj	430
X	426	οἱ	PRON	Pp	Case=Dat|Gender=Masc|Number=Sing|Person=3|PronType=Prs	ὁ	iobj	430
X	427	παρὰ	ADP	R-		παρά	case	429
X	428	τῆς	DET	S-	Case=Gen|Definite=Def|Gender=Fem|Number=Sing|PronType=Dem	ὁ	det	429
X	429	βουλῆς	NOUN	Nb	Case=Gen|Gender=Fem|Number=Sing	βουλή	obl	430
X	430	ἀπήντησεν	VERB	V-	Aspect=Perf|Mood=Ind|Number=Sing|Person=3|Tense=Past|VerbForm=Fin|Voice=Act	ἀπαντάω	advcl	431
X	431	,	PUNCT	Z		,	advmod	435
X	432	ἐπὶ	ADP	R-		ἐπί	case	434
X	433	τὴν	DET	S-	Case=Acc|Definite=Def|Gender=Fem|Number=Sing|PronType=Dem	ὁ	det	434
X	434	Ῥώμην	PROPN	Ne	Case=Acc|Gender=Fem|Number=Sing	Ῥώμη	obl	435
X	435	ἠπείγετο	VERB	V-	Aspect=Imp|Mood=Ind|Number=Sing|Person=3|Tense=Past|VerbForm=Fin|Voice=Mid	ἐπείγω	ROOT	435
X	436	,	PUNCT	Z		,	punct	435
X	437	πάντα	ADJ	Px	Case=Acc|Gender=Neut|Number=Plur	πᾶς	obj	438
X	438	δῃῶν	VERB	V-	Case=Nom|Gender=Masc|Number=Sing|Tense=Pres|VerbForm=Part|Voice=Act	δηϊόω	ROOT	438
X	439	.	PUNCT	Z		.	punct	438
X	440	καὶ	CCONJ	C-		καί	cc	441
X	441	φθάνει	VERB	V-	Mood=Ind|Number=Sing|Person=3|Tense=Pres|VerbForm=Fin|Voice=Act	φθάνω	ROOT	441
X	442	μὲν	ADV	Df		μέν	discourse	441
X	443	ἐς	ADP	R-		εἰς	case	444
X	444	πόλιν	NOUN	Nb	Case=Acc|Gender=Fem|Number=Sing	πόλις	obl	441
X	445	Ἀναγνίαν	PROPN	Ne	Case=Acc|Gender=Fem|Number=Sing	Ἀναγνία	appos	444
X	446	,	PUNCT	Z		,	punct	441
X	447	βαρεῖαν	ADJ	A-	Case=Acc|Degree=Pos|Gender=Fem|Number=Sing	βαρύς	dep	449
X	448	δʼ	ADV	Df		δέ	discourse	449
X	449	ἔχων	VERB	V-	Case=Nom|Gender=Masc|Number=Sing|Tense=Pres|VerbForm=Part|Voice=Act	ἔχω	ROOT	449
X	450	ἤδη	ADV	Df		ἤδη	advmod	449
X	451	τὴν	DET	S-	Case=Acc|Definite=Def|Gender=Fem|Number=Sing|PronType=Dem	ὁ	det	452
X	452	στρατιὰν	NOUN	Nb	Case=Acc|Gender=Fem|Number=Sing	στρατιά	obj	449
X	453	ὑπὸ	ADP	R-		ὑπό	case	454
X	454	λείας	NOUN	Nb	Case=Gen|Gender=Fem|Number=Sing	λεῖος	obl	449
X	455	καὶ	CCONJ	C-		καί	cc	454
X	456	πλήθους	NOUN	Nb	Case=Gen|Gender=Neut|Number=Sing	πλῆθος	conj	454
X	457	αἰχμαλώτων	NOUN	Nb	Case=Gen|Gender=Neut|Number=Plur	αἰχμάλωτος	nmod	456
X	458	,	PUNCT	Z		,	punct	449
X	459	ἀναθέμενος	VERB	V-	Aspect=Perf|Case=Nom|Gender=Masc|Number=Sing|Tense=Past|VerbForm=Part|Voice=Mid	ἀνατίθημι	advcl	461
X	460	μάχην	NOUN	Nb	Case=Acc|Gender=Fem|Number=Sing	μάχη	obj	459
X	461	ἀνέστρεφεν	VERB	V-	Aspect=Imp|Mood=Ind|Number=Sing|Person=3|Tense=Past|VerbForm=Fin|Voice=Act	ἀναστρέφω	ROOT	461
X	462	ἐπὶ	ADP	R-		ἐπί	case	463
X	463	Καμπανίας	PROPN	Ne	Case=Acc|Gender=Fem|Number=Plur	Καμπανία	obl	461
X	464	,	PUNCT	Z		,	advcl	461
X	465	ἡγουμένων	VERB	V-	Case=Gen|Gender=Masc|Number=Plur|Tense=Pres|VerbForm=Part|Voice=Act	ἡγέομαι	ROOT	465
X	466	τῶν	DET	S-	Case=Gen|Definite=Def|Gender=Masc|Number=Plur|PronType=Dem	ὁ	det	467
X	467	ἐλεφάντων	NOUN	Nb	Case=Gen|Gender=Masc|Number=Plur	ἐλέφας	nsubj	465
X	468	,	PUNCT	Z		,	ROOT	468
X	469	καὶ	CCONJ	C-		καί	cc	476
X	470	τὴν	DET	S-	Case=Acc|Definite=Def|Gender=Fem|Number=Sing|PronType=Dem	ὁ	det	471
X	471	στρατιὰν	NOUN	Nb	Case=Acc|Gender=Fem|Number=Sing	στρατιά	obj	476
X	472	ἐς	ADP	R-		εἰς	case	473
X	473	χειμασίαν	NOUN	Nb	Case=Acc|Gender=Fem|Number=Sing	χειμασία	obl	476
X	474	κατὰ	ADP	R-		κατά	case	475
X	475	πόλεις	NOUN	Nb	Case=Acc|Gender=Fem|Number=Plur	πόλις	obl	476
X	476	διῄρει	VERB	V-	Aspect=Imp|Mood=Ind|Number=Sing|Person=3|Tense=Past|VerbForm=Fin|Voice=Act	διαιρέω	conj	468
X	477	.	PUNCT	Z		.	punct	476
X	478	Ῥωμαίων	ADJ	A-	Case=Gen|Degree=Pos|Gender=Masc|Number=Plur	Ῥωμαῖος	nmod	480
X	479	δὲ	ADV	Df		δέ	discourse	482
X	480	πρέσβεις	NOUN	Nb	Case=Nom|Gender=Masc|Number=Plur	πρέσβυς	nsubj	482
X	481	αὐτὸν	PRON	Pp	Case=Acc|Gender=Masc|Number=Sing|Person=3|PronType=Prs	αὐτός	nsubj	483
X	482	ἠξίουν	VERB	V-	Aspect=Imp|Mood=Ind|Number=Plur|Person=3|Tense=Past|VerbForm=Fin|Voice=Act	ἀξιόω	ROOT	482
X	483	λῦσαι	VERB	V-	Aspect=Perf|Tense=Past|VerbForm=Inf|Voice=Act	λύω	ccomp	482
X	484	τῇ	DET	S-	Case=Dat|Definite=Def|Gender=Fem|Number=Sing|PronType=Dem	ὁ	det	485
X	485	πόλει	NOUN	Nb	Case=Dat|Gender=Fem|Number=Sing	πόλις	obl	483
X	486	τοὺς	DET	S-	Case=Acc|Definite=Def|Gender=Masc|Number=Plur|PronType=Dem	ὁ	det	487
X	487	αἰχμαλώτους	NOUN	Nb	Case=Acc|Gender=Masc|Number=Plur	αἰχμάλωτος	obj	483
X	488	,	PUNCT	Z		,	dep	482
X	489	ἢ	CCONJ	C-		ἤ	cc	488
X	490	ἀντιλαβεῖν	VERB	V-	Aspect=Perf|Tense=Past|VerbForm=Inf|Voice=Act	ἀντιλαβέω	conj	488
X	491	ὅσους	PRON	Pr	Case=Acc|Gender=Masc|Number=Plur|PronType=Rel	ὅσος	obj	492
X	492	ἔχουσι	VERB	V-	Mood=Ind|Number=Plur|Person=3|Tense=Pres|VerbForm=Fin|Voice=Act	ἔχω	obj	490
X	493	Ταραντίνων	NOUN	Nb	Case=Gen|Gender=Masc|Number=Plur	Ταραντῖνος	nmod	491
X	494	καὶ	CCONJ	C-		καί	cc	493
X	495	τῶν	DET	S-	Case=Gen|Definite=Def|Gender=Masc|Number=Plur|PronType=Dem	ὁ	det	497
X	496	ἄλλων	ADJ	A-	Case=Gen|Degree=Pos|Gender=Masc|Number=Plur	ἄλλος	amod	497
X	497	συμμάχων	NOUN	Nb	Case=Gen|Gender=Masc|Number=Plur	σύμμαχος	conj	493
X	498	αὐτοῦ	PRON	Pp	Case=Gen|Gender=Masc|Number=Sing|Person=3|PronType=Prs	αὐτός	det	497
X	499	.	PUNCT	Z		.	punct	482
X	500	ὁ	PRON	Pp	Case=Nom|Gender=Masc|Number=Sing|Person=3|PronType=Prs	ὁ	nsubj	504
X	501	δὲ	ADV	Df		δέ	discourse	504
X	502	σπενδομένοις	VERB	V-	Case=Dat|Gender=Masc|Number=Plur|Tense=Pres|VerbForm=Part|Voice=Pass	σπενδομένω	advcl	504
X	503	μὲν	ADV	Df		μέν	discourse	504
X	504	ἔφη	VERB	V-	Aspect=Imp|Mood=Ind|Number=Sing|Person=3|Tense=Past|VerbForm=Fin|Voice=Act	φημί	ROOT	504
X	505	,	PUNCT	Z		,	dep	504
X	506	καθάπερ	ADV	Dq	PronType=Rel	καθάπερ	advmod	507
X	507	προεῖπε	VERB	V-	Aspect=Perf|Mood=Ind|Number=Sing|Person=3|Tense=Past|VerbForm=Fin|Voice=Act	προλέγω	ROOT	507
X	508	Κινέας	PROPN	Ne	Case=Nom|Gender=Masc|Number=Sing	Κινέης	nsubj	507
X	509	,	PUNCT	Z		,	iobj	507
X	510	χαριεῖσθαι	VERB	V-	Tense=Fut|VerbForm=Inf|Voice=Mid	χαρίζομαι	ROOT	510
X	511	τοὺς	DET	S-	Case=Acc|Definite=Def|Gender=Masc|Number=Plur|PronType=Dem	ὁ	det	512
X	512	αἰχμαλώτους	NOUN	Nb	Case=Acc|Gender=Masc|Number=Plur	αἰχμάλωτος	ROOT	512
X	513	,	PUNCT	Z		,	ROOT	513
X	514	πολεμοῦσι	VERB	V-	Case=Dat|Gender=Masc|Number=Plur|Tense=Pres|VerbForm=Part|Voice=Act	πολεμόω	advcl	517
X	515	δʼ	ADV	Df		δέ	discourse	517
X	516	οὐ	ADV	Df	Polarity=Neg	οὐ	advmod	517
X	517	δώσειν	VERB	V-	Tense=Fut|VerbForm=Inf|Voice=Act	δίδωμι	conj	513
X	518	ἐφʼ	ADP	R-		ἐπί	case	519
X	519	ἑαυτὸν	PRON	Pk	Case=Acc|Gender=Masc|Number=Sing|Person=3|PronType=Prs|Reflex=Yes	ἑαυτοῦ	obl	517
X	520	ἄνδρας	NOUN	Nb	Case=Acc|Gender=Masc|Number=Plur	ἀνήρ	obj	517
X	521	τοιούτους	DET	Pd	Case=Acc|Gender=Masc|Number=Plur	τοιοῦτος	det	520
X	522	καὶ	CCONJ	C-		καί	cc	520
X	523	τοσούτους	DET	Pd	Case=Acc|Gender=Masc|Number=Plur	τοσοῦτος	det	520
X	524	.	PUNCT	Z		.	punct	513
X	525	ἐξένιζε	VERB	V-	Aspect=Imp|Mood=Ind|Number=Sing|Person=3|Tense=Past|VerbForm=Fin|Voice=Act	ἐκνίζω	ROOT	525
X	526	δʼ	ADV	Df		δέ	discourse	525
X	527	αὐτοὺς	PRON	Pp	Case=Acc|Gender=Masc|Number=Plur|Person=3|PronType=Prs	αὐτός	obj	525
X	528	βασιλικῶς	ADV	Df	Degree=Pos	βασιλικός	advmod	525
X	529	,	PUNCT	Z		,	dep	525
X	530	καὶ	CCONJ	C-		καί	cc	545
X	531	τὸν	DET	S-	Case=Acc|Definite=Def|Gender=Masc|Number=Sing|PronType=Dem	ὁ	det	534
X	532	τῆς	DET	S-	Case=Gen|Definite=Def|Gender=Fem|Number=Sing|PronType=Dem	ὁ	det	533
X	533	πρεσβείας	NOUN	Nb	Case=Gen|Gender=Fem|Number=Sing	πρεσβεία	nmod	534
X	534	ἡγούμενον	VERB	V-	Case=Acc|Gender=Masc|Number=Sing|Tense=Pres|VerbForm=Part|Voice=Act	ἡγέομαι	acl	535
X	535	Φαβρίκιον	PROPN	Ne	Case=Acc|Gender=Masc|Number=Sing	Φαβρίκιος	obj	536
X	536	πυνθανόμενος	VERB	V-	Case=Nom|Gender=Masc|Number=Sing|Tense=Pres|VerbForm=Part|Voice=Mid	πυνθάνομαι	advcl	545
X	537	ἐν	ADP	R-		ἐν	case	539
X	538	τῇ	DET	S-	Case=Dat|Definite=Def|Gender=Fem|Number=Sing|PronType=Dem	ὁ	det	539
X	539	πόλει	NOUN	Nb	Case=Dat|Gender=Fem|Number=Sing	πόλις	obl	541
X	540	μέγα	ADJ	A-	Case=Acc|Degree=Pos|Gender=Neut|Number=Sing	μέγας	xcomp	541
X	541	δύνασθαι	VERB	V-	Tense=Pres|VerbForm=Inf|Voice=Mid	δύναμαι	xcomp	536
X	542	καὶ	CCONJ	C-		καί	cc	541
X	543	δεινῶς	ADV	Df	Degree=Pos	δεινῶς	advmod	544
X	544	πένεσθαι	VERB	V-	Tense=Pres|VerbForm=Inf|Voice=Mid	πένομαι	conj	541
X	545	καθωμίλει	VERB	V-	Aspect=Imp|Mood=Ind|Number=Sing|Person=3|Tense=Past|VerbForm=Fin|Voice=Act	καθωμίλει	ROOT	545
X	546	,	PUNCT	Z		,	iobj	545
X	547	λέγων	VERB	V-	Case=Nom|Gender=Masc|Number=Sing|Tense=Pres|VerbForm=Part|Voice=Act	λέγω	advcl	545
X	548	,	PUNCT	Z		,	advcl	545
X	549	εἰ	SCONJ	G-		εἰ	mark	550
X	550	πράξειεν	VERB	V-	Aspect=Perf|Mood=Opt|Number=Sing|Person=3|Tense=Past|VerbForm=Fin|Voice=Act	πράσσω	advcl	554
X	551	αὐτῷ	PRON	Pp	Case=Dat|Gender=Masc|Number=Sing|Person=3|PronType=Prs	αὐτός	obl	550
X	552	τὰς	DET	S-	Case=Acc|Definite=Def|Gender=Fem|Number=Plur|PronType=Dem	ὁ	det	553
X	553	διαλύσεις	NOUN	Nb	Case=Acc|Gender=Fem|Number=Plur	διάλυσις	obj	550
X	554	,	PUNCT	Z		,	ROOT	554
X	555	ὑποστράτηγον	NOUN	Nb	Case=Acc|Gender=Masc|Number=Sing	ὑποστράτηγος	obj	561
X	556	καὶ	CCONJ	C-		καί	cc	555
X	557	κοινωνὸν	NOUN	Nb	Case=Acc|Gender=Masc|Number=Sing	κοινωνός	conj	555
X	558	τῶν	DET	S-	Case=Gen|Definite=Def|Gender=Neut|Number=Plur|PronType=Dem	ὁ	det	560
X	559	παρόντων	VERB	V-	Case=Gen|Gender=Neut|Number=Plur|Tense=Pres|VerbForm=Part|Voice=Act	πάρειμι	acl	560
X	560	ἀγαθῶν	ADJ	A-	Case=Gen|Degree=Pos|Gender=Neut|Number=Plur	ἀγαθός	nmod	557
X	561	ἀπάξειν	VERB	V-	Tense=Fut|VerbForm=Inf|Voice=Act	ἀπάγω	ccomp	554
X	562	ἐς	ADP	R-		εἰς	case	563
X	563	Ἤπειρον	NOUN	Nb	Case=Acc|Gender=Fem|Number=Sing	Ἤπειρος	obl	561
X	564	.	PUNCT	Z		.	punct	554
X	565	χρήματά	NOUN	Nb	Case=Acc|Gender=Neut|Number=Plur	χρῆμα	obj	571
X	566	τε	CCONJ	C-		τε	cc	571
X	567	αὐτὸν	PRON	Pp	Case=Acc|Gender=Masc|Number=Sing|Person=3|PronType=Prs	αὐτός	obj	568
X	568	λαβεῖν	VERB	V-	Aspect=Perf|Tense=Past|VerbForm=Inf|Voice=Act	λαμβάνω	ccomp	571
X	569	ἐντεῦθεν	ADV	Df		ἐντεῦθεν	advmod	571
X	570	ἤδη	ADV	Df		ἤδη	discourse	571
X	571	παρεκάλει	VERB	V-	Aspect=Imp|Mood=Ind|Number=Sing|Person=3|Tense=Past|VerbForm=Fin|Voice=Act	παρακαλέω	ROOT	571
X	572	,	PUNCT	Z		,	dep	571
X	573	πρόφασιν	NOUN	Nb	Case=Acc|Gender=Fem|Number=Sing	πρόφασις	obj	575
X	574	ὡς	ADV	Df		ὡς	advmod	575
X	575	δώσοντα	VERB	V-	Case=Acc|Gender=Masc|Number=Sing|Tense=Fut|VerbForm=Part|Voice=Act	δίδωμι	advcl	571
X	576	τοῖς	DET	S-	Case=Dat|Definite=Def|Gender=Masc|Number=Plur|PronType=Dem	ὁ	det	579
X	577	τὴν	DET	S-	Case=Acc|Definite=Def|Gender=Fem|Number=Sing|PronType=Dem	ὁ	det	578
X	578	εἰρήνην	NOUN	Nb	Case=Acc|Gender=Fem|Number=Sing	εἰρήνη	obj	579
X	579	ἐργασαμένοις	VERB	V-	Aspect=Perf|Case=Dat|Gender=Masc|Number=Plur|Tense=Past|VerbForm=Part|Voice=Mid	ἐργάζομαι	iobj	575
X	580	.	PUNCT	Z		.	punct	571
X	581	ἐπιγελάσας	VERB	V-	Aspect=Perf|Case=Nom|Gender=Masc|Number=Sing|Tense=Past|VerbForm=Part|Voice=Act	ἐπιγελάω	advcl	590
X	582	δʼ	ADV	Df		δέ	discourse	590
X	583	ὁ	DET	S-	Case=Nom|Definite=Def|Gender=Masc|Number=Sing|PronType=Dem	ὁ	det	584
X	584	Φαβρίκιος	PROPN	Ne	Case=Nom|Gender=Masc|Number=Sing	Φαβρίκιος	nsubj	590
X	585	περὶ	ADP	R-		περί	case	588
X	586	μὲν	ADV	Df		μέν	discourse	590
X	587	τῶν	DET	S-	Case=Gen|Definite=Def|Gender=Masc|Number=Plur|PronType=Dem	ὁ	det	588
X	588	κοινῶν	ADJ	A-	Case=Gen|Degree=Pos|Gender=Neut|Number=Plur	κοινός	obl	590
X	589	οὐδʼ	ADV	Df	Polarity=Neg	οὐδέ	advmod	590
X	590	ἀπεκρίνατο	VERB	V-	Aspect=Perf|Mood=Ind|Number=Sing|Person=3|Tense=Past|VerbForm=Fin|Voice=Mid	ἀποκρίνω	ROOT	590
X	591	,	PUNCT	Z		,	punct	590
X	592	τὴν	DET	S-	Case=Acc|Definite=Def|Gender=Fem|Number=Sing|PronType=Dem	ὁ	det	595
X	593	δʼ	ADV	Df		δέ	discourse	595
X	594	ἐμήν	ADJ	Ps	Case=Acc|Gender=Fem|Number=Sing|Person=1|Poss=Yes	ἐμός	nmod	595
X	595	,	PUNCT	Z		,	ROOT	595
X	596	ἔφη	VERB	V-	Aspect=Imp|Mood=Ind|Number=Sing|Person=3|Tense=Past|VerbForm=Fin|Voice=Act	φημί	vocative	606
X	597	,	PUNCT	Z		,	advmod	606
X	598	παρρησίαν	NOUN	Nb	Case=Acc|Gender=Fem|Number=Sing	παρρησία	obj	606
X	599	οὔτε	CCONJ	C-		οὔτε	cc	603
X	600	τῶν	DET	S-	Case=Gen|Definite=Def|Gender=Masc|Number=Plur|PronType=Dem	ὁ	det	602
X	601	σῶν	ADJ	Ps	Case=Gen|Gender=Masc|Number=Plur|Person=2|Poss=Yes	σός	nmod	602
X	602	φίλων	NOUN	Nb	Case=Gen|Gender=Masc|Number=Plur	φίλος	nmod	603
X	603	οὐδεὶς	ADJ	Px	Case=Nom|Gender=Masc|Number=Sing	οὐδείς	nsubj	606
X	604	οὔτε	CCONJ	C-		οὔτε	cc	603
X	605	αὐτὸς	ADJ	Pd	Case=Nom|Gender=Masc|Number=Sing	αὐτός	nsubj	606
X	606	οἴσεις	VERB	V-	Mood=Ind|Number=Sing|Person=2|Tense=Fut|VerbForm=Fin|Voice=Act	φέρω	ROOT	606
X	607	σύ	PRON	Pp	Case=Nom|Gender=Masc|Number=Sing|Person=2|PronType=Prs	σύ	nsubj	606
X	608	,	PUNCT	Z		,	parataxis	606
X	609	ὦ	INTJ	I-		ὦ	discourse	610
X	610	βασιλεῦ	NOUN	Nb	Case=Voc|Gender=Masc|Number=Sing	βασιλεύς	ROOT	610
X	611	·	PUNCT	Z		·	ROOT	611
X	612	καὶ	CCONJ	C-		καί	cc	617
X	613	τὴν	DET	S-	Case=Acc|Definite=Def|Gender=Fem|Number=Sing|PronType=Dem	ὁ	det	614
X	614	πενίαν	NOUN	Nb	Case=Acc|Gender=Fem|Number=Sing	πενία	obj	617
X	615	τὴν	DET	S-	Case=Acc|Definite=Def|Gender=Fem|Number=Sing|PronType=Dem	ὁ	det	616
X	616	ἐμαυτοῦ	PRON	Pk	Case=Gen|Gender=Masc|Number=Sing|Person=1|PronType=Prs|Reflex=Yes	ἐμαυτοῦ	nmod	614
X	617	μακαρίζω	VERB	V-	Mood=Ind|Number=Sing|Person=1|Tense=Pres|VerbForm=Fin|Voice=Act	μακαρίζω	ROOT	617
X	618	μᾶλλον	ADV	Df	Degree=Cmp	μᾶλλον	advmod	617
X	619	ἢ	ADV	Df		ἤ	advmod	618
X	620	τὸν	DET	S-	Case=Acc|Definite=Def|Gender=Masc|Number=Sing|PronType=Dem	ὁ	det	623
X	621	τῶν	DET	S-	Case=Gen|Definite=Def|Gender=Masc|Number=Plur|PronType=Dem	ὁ	det	622
X	622	τυράννων	NOUN	Nb	Case=Gen|Gender=Masc|Number=Plur	τύραννος	nmod	623
X	623	πλοῦτον	NOUN	Nb	Case=Acc|Gender=Masc|Number=Sing	πλοῦτος	obj	619
X	624	ὁμοῦ	ADV	Df		ὁμοῦ	dep	623
X	625	καὶ	CCONJ	C-		καί	cc	623
X	626	φόβον	NOUN	Nb	Case=Acc|Gender=Masc|Number=Sing	φόβος	conj	623
X	627	.	PUNCT	Z		.	punct	617
X	628	οἱ	PRON	Pp	Case=Nom|Gender=Masc|Number=Plur|Person=3|PronType=Prs	ὁ	nsubj	632
X	629	δὲ	ADV	Df		δέ	discourse	632
X	630	οὐχ	ADV	Df	Polarity=Neg	οὐ	advmod	632
X	631	οὕτω	ADV	Df		οὕτως	advmod	632
X	632	φασὶν	VERB	V-	Mood=Ind|Number=Plur|Person=3|Tense=Pres|VerbForm=Fin|Voice=Act	φημί	ROOT	632
X	633	αὐτόν	PRON	Pp	Case=Acc|Gender=Masc|Number=Sing|Person=3|PronType=Prs	αὐτός	dep	632
X	634	,	PUNCT	Z		,	dep	632
X	635	ἀλλʼ	CCONJ	C-		ἀλλά	cc	628
X	636	ὅτι	SCONJ	G-		ὅτι	mark	644
X	637	μου	PRON	Pp	Case=Gen|Gender=Masc|Number=Sing|Person=1|PronType=Prs	ἐγώ	det	639
X	638	τῆς	DET	S-	Case=Gen|Definite=Def|Gender=Fem|Number=Sing|PronType=Dem	ὁ	det	639
X	639	φύσεως	NOUN	Nb	Case=Gen|Gender=Fem|Number=Sing	φύσις	nmod	640
X	640	Ἠπειρῶται	NOUN	Nb	Case=Nom|Gender=Masc|Number=Plur	Ἠπειρώτης	nsubj	644
X	641	μεταλαβόντες	VERB	V-	Aspect=Perf|Case=Nom|Gender=Masc|Number=Plur|Tense=Past|VerbForm=Part|Voice=Act	μεταλαμβάνω	advcl	644
X	642	ἐμὲ	PRON	Pp	Case=Acc|Gender=Masc|Number=Sing|Person=1|PronType=Prs	ἐγώ	obj	644
X	643	σοῦ	PRON	Pp	Case=Gen|Gender=Masc|Number=Sing|Person=2|PronType=Prs	σύ	iobj	644
X	644	προθήσουσιν	VERB	V-	Mood=Ind|Number=Plur|Person=3|Tense=Fut|VerbForm=Fin|Voice=Act	προθήσω	dep	632
X	645	.	PUNCT	Z		.	punct	632
X	646	ὁποτέρως	ADV	Pi	PronType=Int	ὁπότερος	dep	650
X	647	δʼ	ADV	Df		δέ	discourse	650
X	648	οὖν	ADV	Df		οὖν	discourse	649
X	649	ἀπεκρίνατο	VERB	V-	Aspect=Perf|Mood=Ind|Number=Sing|Person=3|Tense=Past|VerbForm=Fin|Voice=Mid	ἀποκρίνω	amod	650
X	650	,	PUNCT	Z		,	ROOT	650
X	651	θαυμάσας	VERB	V-	Aspect=Perf|Case=Nom|Gender=Masc|Number=Sing|Tense=Past|VerbForm=Part|Voice=Act	θαυμάζω	advcl	662
X	652	αὐτὸν	PRON	Pp	Case=Acc|Gender=Masc|Number=Sing|Person=3|PronType=Prs	αὐτός	obj	651
X	653	τοῦ	DET	S-	Case=Gen|Definite=Def|Gender=Masc,Neut|Number=Sing|PronType=Dem	ὁ	det	654
X	654	φρονήματος	NOUN	Nb	Case=Gen|Gender=Neut|Number=Sing	φρόνημα	iobj	651
X	655	ὁ	DET	S-	Case=Nom|Definite=Def|Gender=Masc|Number=Sing|PronType=Dem	ὁ	det	656
X	656	Πύρρος	PROPN	Ne	Case=Nom|Gender=Masc|Number=Sing	Πύρρος	nsubj	662
X	657	ἑτέραν	ADJ	A-	Case=Acc|Degree=Pos|Gender=Fem|Number=Sing	ἕτερος	amod	658
X	658	ὁδὸν	NOUN	Nb	Case=Acc|Gender=Fem|Number=Sing	ὁδός	obj	662
X	659	ἐς	ADP	R-		εἰς	case	661
X	660	τὰς	DET	S-	Case=Acc|Definite=Def|Gender=Fem|Number=Plur|PronType=Dem	ὁ	det	661
X	661	διαλλαγὰς	NOUN	Nb	Case=Acc|Gender=Fem|Number=Plur	διαλλαγή	obl	662
X	662	ἐπενόει	VERB	V-	Aspect=Imp|Mood=Ind|Number=Sing|Person=3|Tense=Past|VerbForm=Fin|Voice=Mid	ἐπινοέω	ROOT	662
X	663	,	PUNCT	Z		,	punct	662
X	664	καὶ	CCONJ	C-		καί	cc	672
X	665	τοὺς	DET	S-	Case=Acc|Definite=Def|Gender=Masc|Number=Plur|PronType=Dem	ὁ	det	666
X	666	αἰχμαλώτους	NOUN	Nb	Case=Acc|Gender=Masc|Number=Plur	αἰχμάλωτος	obj	672
X	667	ἐς	ADP	R-		εἰς	case	669
X	668	τῶν	DET	S-	Case=Gen|Definite=Def|Gender=Masc|Number=Plur|PronType=Dem	ὁ	det	669
X	669	Κρονίων	ADJ	A-	Case=Gen|Degree=Pos|Gender=Neut|Number=Plur	Κρονίων	nmod	671
X	670	τὴν	DET	S-	Case=Acc|Definite=Def|Gender=Fem|Number=Sing|PronType=Dem	ὁ	det	671
X	671	ἑορτὴν	NOUN	Nb	Case=Acc|Gender=Fem|Number=Sing	ἑορτή	obl	672
X	672	ἔπεμπεν	VERB	V-	Aspect=Imp|Mood=Ind|Number=Sing|Person=3|Tense=Past|VerbForm=Fin|Voice=Act	πέμπω	ROOT	672
X	673	ἄνευ	ADP	R-		ἄνευ	case	674
X	674	φυλάκων	NOUN	Nb	Case=Gen|Gender=Masc|Number=Plur	φυλακός	obl	672
X	675	,	PUNCT	Z		,	punct	672
X	676	ἐφʼ	ADP	R-		ἐπί	case	677
X	677	ᾧ	PRON	Pr	Case=Dat|Gender=Neut|Number=Sing|PronType=Rel	ὅς	obl	678
X	678	,	PUNCT	Z		,	advmod	688
X	679	δεχομένης	VERB	V-	Case=Gen|Gender=Fem|Number=Sing|Tense=Pres|VerbForm=Part|Voice=Mid	δέχομαι	advcl	688
X	680	μὲν	ADV	Df		μέν	discourse	679
X	681	τῆς	DET	S-	Case=Gen|Definite=Def|Gender=Fem|Number=Sing|PronType=Dem	ὁ	det	682
X	682	πόλεως	NOUN	Nb	Case=Gen|Gender=Fem|Number=Sing	πόλις	nsubj	679
X	683	ἃ	PRON	Pr	Case=Acc|Gender=Neut|Number=Plur|PronType=Rel	ὅς	obj	686
X	684	ὁ	DET	S-	Case=Nom|Definite=Def|Gender=Masc|Number=Sing|PronType=Dem	ὁ	det	685
X	685	Πύρρος	PROPN	Ne	Case=Nom|Gender=Masc|Number=Sing	Πύρρος	nsubj	686
X	686	προτείνει	VERB	V-	Mood=Ind|Number=Sing|Person=3|Tense=Pres|VerbForm=Fin|Voice=Act	προτείνω	obj	679
X	687	,	PUNCT	Z		,	advmod	688
X	688	μένειν	VERB	V-	Tense=Pres|VerbForm=Inf|Voice=Act	μένω	ROOT	688
X	689	καὶ	CCONJ	C-		καί	cc	688
X	690	τῆς	DET	S-	Case=Gen|Definite=Def|Gender=Fem|Number=Sing|PronType=Dem	ὁ	det	691
X	691	αἰχμαλωσίας	NOUN	Nb	Case=Gen|Gender=Fem|Number=Sing	αἰχμαλωσία	iobj	692
X	692	ἀπολελύσθαι	VERB	V-	Aspect=Perf|Tense=Past|VerbForm=Inf|Voice=Pass	ἀπολύω	conj	688
X	693	,	PUNCT	Z		,	punct	688
X	694	μὴ	ADV	Df	Polarity=Neg	μή	advmod	695
X	695	δεχομένης	VERB	V-	Case=Gen|Gender=Fem|Number=Sing|Tense=Pres|VerbForm=Part|Voice=Mid	δέχομαι	advcl	698
X	696	δὲ	ADV	Df		δέ	discourse	695
X	697	ἑορτάσαντας	VERB	V-	Aspect=Perf|Case=Acc|Gender=Masc|Number=Plur|Tense=Past|VerbForm=Part|Voice=Act	ἑορτάσαντη	advcl	698
X	698	ἐπανήκειν	VERB	V-	Aspect=Perf|Tense=Past|VerbForm=Inf|Voice=Act	ἐπανήκω	ROOT	698
X	699	ἐς	ADP	R-		εἰς	case	700
X	700	αὐτόν	PRON	Pp	Case=Acc|Gender=Masc|Number=Sing|Person=3|PronType=Prs	αὐτός	obl	698
X	701	.	PUNCT	Z		.	punct	698
X	702	τούτους	ADJ	Pd	Case=Acc|Gender=Masc|Number=Plur	οὗτος	nsubj	705
X	703	ἡ	DET	S-	Case=Nom|Definite=Def|Gender=Fem|Number=Sing|PronType=Dem	ὁ	det	704
X	704	βουλή	NOUN	Nb	Case=Nom|Gender=Fem|Number=Sing	βουλή	nsubj	705
X	705	,	PUNCT	Z		,	ROOT	705
X	706	πάνυ	ADV	Df		πάνυ	advmod	707
X	707	παρακαλοῦντας	VERB	V-	Case=Acc|Gender=Masc|Number=Plur|Tense=Pres|VerbForm=Part|Voice=Act	παρακαλέω	advcl	705
X	708	καὶ	CCONJ	C-		καί	cc	707
X	709	ἐνάγοντας	VERB	V-	Case=Acc|Gender=Masc|Number=Plur|Tense=Pres|VerbForm=Part|Voice=Act	ἐνάγοντας	conj	707
X	710	ἐς	ADP	R-		εἰς	case	712
X	711	τὰς	DET	S-	Case=Acc|Definite=Def|Gender=Fem|Number=Plur|PronType=Dem	ὁ	det	712
X	712	διαλύσεις	NOUN	Nb	Case=Acc|Gender=Fem|Number=Plur	διάλυσις	obl	709
X	713	,	PUNCT	Z		,	punct	705
X	714	ἐκέλευσεν	VERB	V-	Aspect=Perf|Mood=Ind|Number=Sing|Person=3|Tense=Past|VerbForm=Fin|Voice=Act	κελεύω	ROOT	714
X	715	ἑορτάσαντας	VERB	V-	Aspect=Perf|Case=Acc|Gender=Masc|Number=Plur|Tense=Past|VerbForm=Part|Voice=Act	ἑορτάσαντη	advcl	717
X	716	Πύρρῳ	PROPN	Ne	Case=Dat|Gender=Masc|Number=Sing	Πύρρος	iobj	717
X	717	παραδοῦναι	VERB	V-	Aspect=Perf|Tense=Past|VerbForm=Inf|Voice=Act	παραδίδωμι	ccomp	714
X	718	σφᾶς	PRON	Pp	Case=Acc|Gender=Masc|Number=Plur|Person=3|PronType=Prs	σφεῖς	obj	717
X	719	αὐτοὺς	DET	Pd	Case=Acc|Gender=Masc|Number=Plur	αὐτός	det	718
X	720	ἐν	ADP	R-		ἐν	case	721
X	721	ἡμέρᾳ	NOUN	Nb	Case=Dat|Gender=Fem|Number=Sing	ἡμέρα	obl	717
X	722	ῥητῇ	ADJ	A-	Case=Dat|Degree=Pos|Gender=Fem|Number=Sing	ῥητός	amod	721
X	723	,	PUNCT	Z		,	dep	714
X	724	καὶ	CCONJ	C-		καί	cc	714
X	725	θάνατον	NOUN	Nb	Case=Acc|Gender=Masc|Number=Sing	θάνατος	obj	726
X	726	ἐπέταξε	VERB	V-	Aspect=Perf|Mood=Ind|Number=Sing|Person=3|Tense=Past|VerbForm=Fin|Voice=Act	ἐπιτάσσω	conj	714
X	727	τοῖς	DET	S-	Case=Dat|Definite=Def|Gender=Masc|Number=Plur|PronType=Dem	ὁ	det	728
X	728	ἀπολειφθεῖσι	VERB	V-	Aspect=Perf|Case=Dat|Gender=Masc|Number=Plur|Tense=Past|VerbForm=Part|Voice=Pass	ἀπολείπω	iobj	726
X	729	τῆς	DET	S-	Case=Gen|Definite=Def|Gender=Fem|Number=Sing|PronType=Dem	ὁ	det	730
X	730	ἡμέρας	NOUN	Nb	Case=Gen|Gender=Fem|Number=Sing	ἡμέρα	nmod	728
X	731	.	PUNCT	Z		.	punct	714
X	732	οἱ	PRON	Pp	Case=Nom|Gender=Masc|Number=Plur|Person=3|PronType=Prs	ὁ	nsubj	737
X	733	δὲ	ADV	Df		δέ	discourse	737
X	734	καὶ	ADV	Df		καί	advmod	736
X	735	αὐτὴν	PRON	Pp	Case=Acc|Gender=Fem|Number=Sing|Person=3|PronType=Prs	αὐτός	nmod	736
X	736	ἅπαντες	ADJ	A-	Case=Nom|Degree=Pos|Gender=Masc|Number=Plur	ἅπας	nsubj	737
X	737	ἐφύλαξαν	VERB	V-	Aspect=Perf|Mood=Ind|Number=Plur|Person=3|Tense=Past|VerbForm=Fin|Voice=Act	φυλάσσω	ROOT	737
X	738	,	PUNCT	Z		,	punct	737
X	739	καὶ	CCONJ	C-		καί	ROOT	739
X	740	Πύρρῳ	PROPN	Ne	Case=Dat|Gender=Masc|Number=Sing	Πύρρος	iobj	741
X	741	πολεμητέα	PROPN	V-	Case=Nom|Gender=Neut|Number=Plur	πολεμέω	xcomp	744
X	742	πάντως	ADV	Df		πάντως	advmod	744
X	743	αὖθις	ADV	Df		αὖθις	advmod	744
X	744	ἐδόκει	VERB	V-	Aspect=Imp|Mood=Ind|Number=Sing|Person=3|Tense=Past|VerbForm=Fin|Voice=Act	δοκέω	ROOT	744
X	745	.	PUNCT	Z		.	punct	744
X	746	U.	PUNCT	Z		U.ς	ROOT	746
X	747	p.	PUNCT	Z		p.	ROOT	747
X	748	345.	PUNCT	Z		345.	ROOT	748
XI	0	ὅτι	ADV	Df		ὅτι	advmod	7
XI	1	τὸν	DET	S-	Case=Acc|Definite=Def|Gender=Masc|Number=Sing|PronType=Dem	ὁ	det	2
XI	2	Πύρρον	PROPN	Ne	Case=Acc|Gender=Masc|Number=Sing	Πύρρος	obj	7
XI	3	ἤδη	ADV	Df		ἤδη	advmod	7
XI	4	μὲν	ADV	Df		μέν	discourse	7
XI	5	τὰ	DET	S-	Case=Acc|Definite=Def|Gender=Neut|Number=Plur|PronType=Dem	ὁ	det	6
XI	6	Ῥωμαίων	ADJ	A-	Case=Gen|Degree=Pos|Gender=Masc|Number=Plur	Ῥωμαῖος	obj	7
XI	7	κατέπλησσεν	VERB	V-	Aspect=Imp|Mood=Ind|Number=Sing|Person=3|Tense=Past|VerbForm=Fin|Voice=Act	καταπλήσσω	ROOT	7
XI	8	,	PUNCT	Z	Aspect=Imp|Mood=Ind|Number=Sing|Person=3|Tense=Past|VerbForm=Fin|Voice=Pass	,	conj	7
XI	9	ἐτάρασσε	VERB	V-	Aspect=Imp|Mood=Ind|Number=Sing|Person=3|Tense=Past|VerbForm=Fin|Voice=Act	ταράσσω	ROOT	9
XI	10	δὲ	ADV	Df		δέ	discourse	9
XI	11	καὶ	ADV	Df		καί	advmod	15
XI	12	τὰ	DET	S-	Case=Nom|Definite=Def|Gender=Neut|Number=Plur|PronType=Dem	ὁ	det	15
XI	13	ἐν	ADP	R-		ἐν	case	14
XI	14	Μολοσσοῖς	ADJ	A-	Case=Dat|Degree=Pos|Gender=Masc|Number=Plur	Μολοσσός	obl	15
XI	15	θορυβούμενα	VERB	V-	Case=Acc|Gender=Neut|Number=Plur|Tense=Pres|VerbForm=Part|Voice=Pass	θορυβέω	nsubj	9
XI	16	.	PUNCT	Z		.	punct	9
XI	17	Ἀγαθοκλῆς	PROPN	Ne	Case=Nom|Gender=Masc|Number=Sing	Ἀγαθοκλῆς	nsubj:pass	23
XI	18	τε	CCONJ	C-		τε	cc	23
XI	19	,	PUNCT	Z		,	mark	23
XI	20	ἄρχων	VERB	V-	Case=Nom|Gender=Masc|Number=Sing|Tense=Pres|VerbForm=Part|Voice=Act	ἄρχων	advcl	23
XI	21	Σικελίαν	PROPN	Ne	Case=Acc|Gender=Fem|Number=Sing	Σικελία	obj	20
XI	22	ἄρτι	ADV	Df		ἄρτι	advmod	23
XI	23	ἐτεθνήκει	VERB	V-	Mood=Ind|Number=Sing|Person=3|Tense=Pqp|VerbForm=Fin|Voice=Act	ἀποθνῄσκω	ROOT	23
XI	24	,	PUNCT	Z	Aspect=Imp|Mood=Ind|Number=Sing|Person=3|Tense=Past|VerbForm=Fin|Voice=Pass	,	punct	23
XI	25	οὗ	PRON	Pr	Case=Gen|Gender=Masc|Number=Sing|PronType=Rel	ὅς	det	26
XI	26	θυγατέρα	NOUN	Nb	Case=Acc|Gender=Fem|Number=Sing	θυγάτηρ	obj	28
XI	27	Λάνασσαν	PROPN	Ne	Case=Acc|Gender=Fem|Number=Sing	Λάνασσα	appos	26
XI	28	ἔχων	VERB	V-	Case=Nom|Gender=Masc|Number=Sing|Tense=Pres|VerbForm=Part|Voice=Act	ἔχω	advcl	34
XI	29	ο	DET	S-	Case=Nom|Definite=Def|Gender=Masc|Number=Sing|PronType=Dem	ο	det	30
XI	30	Πύρρος	PROPN	Ne	Case=Nom|Gender=Masc|Number=Sing	Πύρρος	nsubj	28
XI	31	ἐν	ADP	R-		ἐν	case	33
XI	32	ταῖς	DET	S-	Case=Dat|Definite=Def|Gender=Fem|Number=Plur|PronType=Dem	ὁ	det	33
XI	33	γυναιξί	NOUN	Nb	Case=Dat|Gender=Fem|Number=Plur	γυνή	obl	28
XI	34	,	PUNCT	Z	Aspect=Imp|Mood=Ind|Number=Sing|Person=3|Tense=Past|VerbForm=Fin|Voice=Pass	,	advmod	41
XI	35	τὴν	DET	S-	Case=Acc|Definite=Def|Gender=Fem|Number=Sing|PronType=Dem	ὁ	det	36
XI	36	νῆσον	NOUN	Nb	Case=Acc|Gender=Fem|Number=Sing	νῆσος	obj	41
XI	37	οἰκείαν	ADJ	A-	Case=Acc|Degree=Pos|Gender=Fem|Number=Sing	οἰκεῖος	amod	36
XI	38	ἀντὶ	ADP	R-		ἀντί	case	40
XI	39	τῆς	DET	S-	Case=Gen|Definite=Def|Gender=Fem|Number=Sing|PronType=Dem	ὁ	det	40
XI	40	Ἰταλίας	PROPN	Ne	Case=Gen|Gender=Fem|Number=Sing	Ἰταλία	obl	36
XI	41	περιεβλέπετο	VERB	V-	Aspect=Imp|Mood=Ind|Number=Sing|Person=3|Tense=Past|VerbForm=Fin|Voice=Mid	περιβλέπω	ROOT	41
XI	42	.	PUNCT	Z		.	punct	41
XI	43	ὤκνει	VERB	V-	Aspect=Imp|Mood=Ind|Number=Sing|Person=3|Tense=Past|VerbForm=Fin|Voice=Act	ὀκνέω	ROOT	43
XI	44	δʼ	ADV	Df		δέ	discourse	43
XI	45	ὅμως	ADV	Df		ὅμως	advmod	43
XI	46	ἔτι	ADV	Df		ἔτι	discourse	43
XI	47	τοὺς	DET	S-	Case=Acc|Definite=Def|Gender=Masc|Number=Plur|PronType=Dem	ὁ	det	48
XI	48	ἐπικαλέσαντας	VERB	V-	Aspect=Perf|Case=Acc|Gender=Masc|Number=Plur|Tense=Past|VerbForm=Part|Voice=Act	ἐπικαλέζω	obj	52
XI	49	ἄνευ	ADP	R-		ἄνευ	case	51
XI	50	τινὸς	DET	Px	Case=Gen|Gender=Fem|Number=Sing	τίς	det	51
XI	51	εἰρήνης	NOUN	Nb	Case=Gen|Gender=Fem|Number=Sing	εἰρήνη	obl	52
XI	52	καταλιπεῖν	VERB	V-	Aspect=Perf|Tense=Past|VerbForm=Inf|Voice=Act	καταλείπω	xcomp	43
XI	53	.	PUNCT	Z		.	punct	43
XI	54	ἄσμενος	ADJ	A-	Case=Nom|Degree=Pos|Gender=Masc|Number=Sing	ἄσμενος	advcl	63
XI	55	οὖν	ADV	Df		οὖν	discourse	63
XI	56	τῆς	DET	S-	Case=Gen|Definite=Def|Gender=Fem|Number=Sing|PronType=Dem	ὁ	det	57
XI	57	προφάσεως	NOUN	Nb	Case=Gen|Gender=Fem|Number=Sing	πρόφασις	iobj	62
XI	58	τῆς	DET	S-	Case=Gen|Definite=Def|Gender=Fem|Number=Sing|PronType=Dem	ὁ	det	61
XI	59	περὶ	ADP	R-		περί	case	61
XI	60	τὸν	DET	S-	Case=Acc|Definite=Def|Gender=Masc|Number=Sing|PronType=Dem	ὁ	det	61
XI	61	αὐτόμολον	ADJ	A-	Case=Acc|Degree=Pos|Gender=Masc|Number=Sing	αὐτόμολος	nmod	57
XI	62	ἐπιβὰς	VERB	V-	Aspect=Perf|Case=Nom|Gender=Masc|Number=Sing|Tense=Past|VerbForm=Part|Voice=Act	ἐπιβαίνω	advcl	63
XI	63	ἐμαρτύρει	VERB	V-	Aspect=Imp|Mood=Ind|Number=Sing|Person=3|Tense=Past|VerbForm=Fin|Voice=Act	μαρτυρέω	ROOT	63
XI	64	τοῖς	DET	S-	Case=Dat|Definite=Def|Gender=Masc|Number=Plur|PronType=Dem	ὁ	det	65
XI	65	ὑπάτοις	NOUN	Nb	Case=Dat|Gender=Masc|Number=Plur	ὕπατος	iobj	63
XI	66	,	PUNCT	Z	Aspect=Imp|Mood=Ind|Number=Sing|Person=3|Tense=Past|VerbForm=Fin|Voice=Pass	,	punct	63
XI	67	καὶ	CCONJ	C-		καί	cc	69
XI	68	Κινέαν	PROPN	Ne	Case=Acc|Gender=Masc|Number=Sing	Κινέας	obj	69
XI	69	ἔπεμπεν	VERB	V-	Aspect=Imp|Mood=Ind|Number=Sing|Person=3|Tense=Past|VerbForm=Fin|Voice=Act	πέμπω	ROOT	69
XI	70	ἐς	ADP	R-		εἰς	case	71
XI	71	Ῥώμην	PROPN	Ne	Case=Acc|Gender=Fem|Number=Sing	Ῥώμη	obl	69
XI	72	χάριν	NOUN	Nb	Case=Acc|Gender=Fem|Number=Sing	χάρις	obj	73
XI	73	ὁμολογήσοντα	VERB	V-	Case=Acc|Gender=Masc|Number=Sing|Tense=Fut|VerbForm=Part|Voice=Act	ὁμολογήσω	advcl	69
XI	74	τῆς	DET	S-	Case=Gen|Definite=Def|Gender=Fem|Number=Sing|PronType=Dem	ὁ	det	75
XI	75	σωτηρίας	NOUN	Nb	Case=Gen|Gender=Fem|Number=Sing	σωτηρία	iobj	73
XI	76	τοῦ	DET	S-	Case=Gen|Definite=Def|Gender=Masc|Number=Sing|PronType=Dem	ὁ	det	77
XI	77	βασιλέως	NOUN	Nb	Case=Gen|Gender=Masc|Number=Sing	βασιλεύς	nmod	75
XI	78	,	PUNCT	Z	Aspect=Imp|Mood=Ind|Number=Sing|Person=3|Tense=Past|VerbForm=Fin|Voice=Pass	,	dep	69
XI	79	καὶ	CCONJ	C-		καί	cc	78
XI	80	τοὺς	DET	S-	Case=Acc|Definite=Def|Gender=Masc|Number=Plur|PronType=Dem	ὁ	det	81
XI	81	αἰχμαλώτους	NOUN	Nb	Case=Acc|Gender=Masc|Number=Plur	αἰχμάλωτος	obj	83
XI	82	ἀμοιβὴν	NOUN	Nb	Case=Acc|Gender=Fem|Number=Sing	ἀμοιβή	obj	83
XI	83	ἄγοντα	VERB	V-	Case=Acc|Gender=Masc|Number=Sing|Tense=Pres|VerbForm=Part|Voice=Act	ἄγω	conj	78
XI	84	,	PUNCT	Z		,	punct	69
XI	85	εἰρήνην	NOUN	Nb	Case=Acc|Gender=Fem|Number=Sing	εἰρήνη	obj	89
XI	86	τε	CCONJ	C-		τε	cc	85
XI	87	ὅτῃ	SCONJ	G-		ὅτῃ	mark	88
XI	88	δύναιτο	VERB	V-	Mood=Opt|Number=Sing|Person=3|Tense=Pres|VerbForm=Fin|Voice=Mid	δύναμαι	advcl	89
XI	89	πράξοντα	VERB	V-	Case=Acc|Gender=Masc|Number=Sing|Tense=Fut|VerbForm=Part|Voice=Act	πράσσω	advcl	69
XI	90	.	PUNCT	Z		.	punct	69
XI	91	δῶρα	NOUN	Nb	Case=Acc|Gender=Neut|Number=Plur	δῶρον	obj	95
XI	92	δʼ	ADV	Df		δέ	discourse	95
XI	93	ὁ	DET	S-	Case=Nom|Definite=Def|Gender=Masc|Number=Sing|PronType=Dem	ὁ	det	94
XI	94	Κινέας	PROPN	Ne	Case=Nom|Gender=Masc|Number=Sing	Κινέας	nsubj	95
XI	95	ἔφερε	VERB	V-	Aspect=Imp|Mood=Ind|Number=Sing|Person=3|Tense=Past|VerbForm=Fin|Voice=Act	φέρω	ROOT	95
XI	96	πολλὰ	ADJ	A-	Case=Acc|Degree=Pos|Gender=Neut|Number=Plur	πολύς	amod	91
XI	97	μὲν	ADV	Df		μέν	discourse	96
XI	98	ἀνδράσι	NOUN	Nb	Case=Dat|Gender=Masc|Number=Plur	ἀνήρ	iobj	96
XI	99	πολλὰ	ADJ	A-	Case=Acc|Degree=Pos|Gender=Neut|Number=Plur	πολύς	conj	96
XI	100	δὲ	ADV	Df		δέ	discourse	99
XI	101	γυναιξί	NOUN	Nb	Case=Dat|Gender=Fem|Number=Plur	γυνή	orphan	99
XI	102	,	PUNCT	Z		,	punct	95
XI	103	φιλοχρήματον	ADJ	A-	Case=Acc|Degree=Pos|Number=Sing	φιλοχρήματος	ccomp	109
XI	104	καὶ	CCONJ	C-		καί	cc	103
XI	105	φιλόδωρον	ADJ	A-	Case=Acc|Degree=Pos|Number=Sing	φιλόδωρος	conj	103
XI	106	εἶναι	AUX	V-	Tense=Pres|VerbForm=Inf|Voice=Act	εἰμί	cop	103
XI	107	τὴν	DET	S-	Case=Acc|Definite=Def|Gender=Fem|Number=Sing|PronType=Dem	ὁ	det	108
XI	108	πόλιν	NOUN	Nb	Case=Acc|Gender=Fem|Number=Sing	πόλις	nsubj	103
XI	109	πυθόμενος	VERB	V-	Aspect=Perf|Case=Nom|Gender=Masc|Number=Sing|Tense=Past|VerbForm=Part|Voice=Mid	πυνθάνομαι	ROOT	109
XI	110	,	PUNCT	Z		,	ccomp	109
XI	111	καὶ	CCONJ	C-		καί	advmod	114
XI	112	τὰς	DET	S-	Case=Acc|Definite=Def|Gender=Fem|Number=Plur|PronType=Dem	ὁ	det	113
XI	113	γυναῖκας	NOUN	Nb	Case=Acc|Gender=Fem|Number=Plur	γυνή	nsubj	114
XI	114	ἰσχύειν	VERB	V-	Tense=Pres|VerbForm=Inf|Voice=Act	ἰσχύω	ccomp	109
XI	115	παρὰ	ADP	R-		παρά	case	116
XI	116	Ῥωμαίοις	ADJ	A-	Case=Dat|Degree=Pos|Gender=Masc|Number=Plur	Ῥωμαῖος	obl	114
XI	117	ἐκ	ADP	R-		ἐκ	case	118
XI	118	παλαιοῦ	ADJ	A-	Case=Gen|Degree=Pos|Gender=Neut|Number=Sing	παλαιός	advmod	114
XI	119	.	PUNCT	Z		.	punct	109
XI	120	οἱ	PRON	Pp	Case=Nom|Gender=Masc|Number=Plur|Person=3|PronType=Prs	ὁ	nsubj	126
XI	121	δὲ	ADV	Df		δέ	discourse	126
XI	122	περὶ	ADP	R-		περί	case	125
XI	123	μὲν	ADV	Df		μέν	discourse	126
XI	124	τῶν	DET	S-	Case=Gen|Definite=Def|Gender=Neut|Number=Plur|PronType=Dem	ὁ	det	125
XI	125	δώρων	NOUN	Nb	Case=Gen|Gender=Neut|Number=Plur	δῶρον	obl	126
XI	126	ἐνεκελεύσαντο	VERB	V-	Aspect=Perf|Mood=Ind|Number=Plur|Person=3|Tense=Past|VerbForm=Fin|Voice=Mid	ἐνεκελεύσαντο	ROOT	126
XI	127	ἀλλήλοις	PRON	Pc	Case=Dat|Gender=Masc|Number=Plur|PronType=Rcp	ἀλλήλων	iobj	126
XI	128	·	PUNCT	Z		·	punct	126
XI	129	καί	CCONJ	C-		καί	cc	130
XI	130	φασιν	VERB	V-	Mood=Ind|Number=Plur|Person=3|Tense=Pres|VerbForm=Fin|Voice=Act	φημί	ROOT	130
XI	131	οὐδένα	ADJ	Px	Case=Acc|Gender=Masc|Number=Sing	οὐδείς	nsubj	132
XI	132	λαβεῖν	VERB	V-	Aspect=Perf|Tense=Past|VerbForm=Inf|Voice=Act	λαμβάνω	ccomp	130
XI	133	οὐδέν	ADJ	Px	Case=Acc|Gender=Neut|Number=Sing	οὐδείς	obj	132
XI	134	,	PUNCT	Z		,	punct	130
XI	135	οὔτε	CCONJ	C-		οὔτε	cc	136
XI	136	ἄνδρα	NOUN	Nb	Case=Acc|Gender=Masc|Number=Sing	ἀνήρ	ROOT	136
XI	137	οὔτε	CCONJ	C-		οὔτε	cc	136
XI	138	γυναῖκα	NOUN	Nb	Case=Acc|Gender=Fem|Number=Sing	γυνή	conj	136
XI	139	.	PUNCT	Z		.	ROOT	139
XI	140	ἀπεκρίναντο	VERB	V-	Aspect=Perf|Mood=Ind|Number=Plur|Person=3|Tense=Past|VerbForm=Fin|Voice=Mid	ἀποκρίνω	ROOT	140
XI	141	δʼ	ADV	Df		δέ	discourse	140
XI	142	αὐτῷ	PRON	Pp	Case=Dat|Gender=Masc|Number=Sing|Person=3|PronType=Prs	αὐτός	iobj	140
XI	143	,	PUNCT	Z		,	dep	140
XI	144	καθὰ	ADV	Dq	PronType=Rel	καθά	advmod	147
XI	145	καὶ	ADV	Df		καί	advmod	146
XI	146	πρότερον	ADJ	A-	Case=Acc|Degree=Pos|Gender=Neut|Number=Sing	πρότερος	advmod	144
XI	147	,	PUNCT	Z		,	advmod	152
XI	148	ἀπελθόντα	VERB	V-	Aspect=Perf|Case=Acc|Gender=Masc|Number=Sing|Tense=Past|VerbForm=Part|Voice=Act	ἀπέρχομαι	advcl	152
XI	149	Πύρρον	PROPN	Ne	Case=Acc|Gender=Masc|Number=Sing	Πύρρος	obj	148
XI	150	ἐξ	ADP	R-		ἐκ	case	151
XI	151	Ἰταλίας	PROPN	Ne	Case=Gen|Gender=Fem|Number=Sing	Ἰταλία	obl	148
XI	152	πρεσβεύειν	VERB	V-	Tense=Pres|VerbForm=Inf|Voice=Act	πρεσβεύω	ROOT	152
XI	153	πρὸς	ADP	R-		πρός	case	154
XI	154	αὐτοὺς	PRON	Pp	Case=Acc|Gender=Masc|Number=Plur|Person=3|PronType=Prs	αὐτός	obl	152
XI	155	ἄνευ	ADP	R-		ἄνευ	case	156
XI	156	δώρων	NOUN	Nb	Case=Gen|Gender=Neut|Number=Plur	δῶρον	obl	152
XI	157	·	PUNCT	Z		·	punct	152
XI	158	ἀπορήσειν	VERB	V-	Tense=Fut|VerbForm=Inf|Voice=Act	ἀπορήσω	ROOT	158
XI	159	γὰρ	ADV	Df		γάρ	discourse	158
XI	160	οὐδενὸς	ADJ	Px	Case=Gen|Gender=Neut|Number=Sing	οὐδείς	iobj	158
XI	161	τῶν	DET	S-	Case=Gen|Definite=Def|Gender=Neut|Number=Plur|PronType=Dem	ὁ	det	162
XI	162	δικαίων	ADJ	A-	Case=Gen|Degree=Pos|Gender=Neut|Number=Plur	δίκαιος	nmod	160
XI	163	.	PUNCT	Z		.	punct	158
XI	164	τοὺς	DET	S-	Case=Acc|Definite=Def|Gender=Masc|Number=Plur|PronType=Dem	ὁ	det	166
XI	165	δὲ	ADV	Df		δέ	discourse	170
XI	166	πρέσβεις	NOUN	Nb	Case=Acc|Gender=Masc|Number=Plur	πρέσβυς	obj	170
XI	167	καὶ	ADV	Df		καί	advmod	168
XI	168	αὐτοὶ	PRON	Pp	Case=Nom|Gender=Masc|Number=Plur|Person=3|PronType=Prs	αὐτός	nsubj	170
XI	169	πολυτελῶς	ADV	Df	Degree=Pos	πολυτελής	advmod	170
XI	170	ἐξένιζον	VERB	V-	Aspect=Imp|Mood=Ind|Number=Plur|Person=3|Tense=Past|VerbForm=Fin|Voice=Act	ἐκνίζω	ROOT	170
XI	171	,	PUNCT	Z		,	punct	170
XI	172	καὶ	CCONJ	C-		καί	ROOT	172
XI	173	Πύρρῳ	PROPN	Ne	Case=Dat|Gender=Masc|Number=Sing	Πύρρος	iobj	182
XI	174	τοὺς	DET	S-	Case=Acc|Definite=Def|Gender=Masc|Number=Plur|PronType=Dem	ὁ	det	181
XI	175	Ταραντίνων	NOUN	Nb	Case=Gen|Gender=Masc|Number=Plur	Ταραντῖνος	nmod	181
XI	176	καὶ	CCONJ	C-		καί	cc	175
XI	177	τῶν	DET	S-	Case=Gen|Definite=Def|Gender=Masc|Number=Plur|PronType=Dem	ὁ	det	180
XI	178	ἄλλων	ADJ	A-	Case=Gen|Degree=Pos|Gender=Masc|Number=Plur	ἄλλος	amod	180
XI	179	αὐτοῦ	PRON	Pp	Case=Gen|Gender=Masc|Number=Sing|Person=3|PronType=Prs	αὐτός	det	180
XI	180	συμμάχων	NOUN	Nb	Case=Gen|Gender=Masc|Number=Plur	σύμμαχος	conj	175
XI	181	αἰχμαλώτους	NOUN	Nb	Case=Acc|Gender=Masc|Number=Plur	αἰχμάλωτος	obj	182
XI	182	ἀντέπεμπον	VERB	V-	Aspect=Imp|Mood=Ind|Number=Plur|Person=3|Tense=Past|VerbForm=Fin|Voice=Act	ἀντιπέμπω	ROOT	182
XI	183	.	PUNCT	Z		.	punct	182
XI	184	ὁ	DET	S-	Case=Nom|Definite=Def|Gender=Masc|Number=Sing|PronType=Dem	ὁ	det	187
XI	185	μὲν	ADV	Df		μέν	discourse	192
XI	186	δὴ	ADV	Df		δή	discourse	192
XI	187	Πύρρος	PROPN	Ne	Case=Nom|Gender=Masc|Number=Sing	Πύρρος	nsubj	192
XI	188	ἐπὶ	ADP	R-		ἐπί	case	189
XI	189	τούτοις	ADJ	Pd	Case=Dat|Gender=Neut|Number=Plur	οὗτος	obl	192
XI	190	ἐς	ADP	R-		εἰς	case	191
XI	191	Σικελίαν	PROPN	Ne	Case=Acc|Gender=Fem|Number=Sing	Σικελία	obl	192
XI	192	διέπλει	VERB	V-	Aspect=Imp|Mood=Ind|Number=Sing|Person=3|Tense=Past|VerbForm=Fin|Voice=Act	διέπλω	ROOT	192
XI	193	μετά	ADP	R-		μετά	case	196
XI	194	τε	CCONJ	C-		τε	cc	196
XI	195	τῶν	DET	S-	Case=Gen|Definite=Def|Gender=Masc|Number=Plur|PronType=Dem	ὁ	det	196
XI	196	ἐλεφάντων	NOUN	Nb	Case=Gen|Gender=Masc|Number=Plur	ἐλέφας	obl	192
XI	197	καὶ	CCONJ	C-		καί	cc	196
XI	198	ὀκτακισχιλίων	NUM	Ma	Case=Gen|Number=Plur	ὀκτακισχίλιοι	nummod	199
XI	199	ἱππέων	NOUN	Nb	Case=Gen|Gender=Masc|Number=Plur	ἱππεύς	conj	196
XI	200	,	PUNCT	Z		,	punct	192
XI	201	ὑποσχόμενος	VERB	V-	Aspect=Perf|Case=Nom|Gender=Masc|Number=Sing|Tense=Past|VerbForm=Part|Voice=Mid	ὑπισχνέομαι	ROOT	201
XI	202	τοῖς	DET	S-	Case=Dat|Definite=Def|Gender=Masc|Number=Plur|PronType=Dem	ὁ	det	203
XI	203	συμμάχοις	NOUN	Nb	Case=Dat|Gender=Masc|Number=Plur	σύμμαχος	iobj	201
XI	204	ἐκ	ADP	R-		ἐκ	case	205
XI	205	Σικελίας	PROPN	Ne	Case=Gen|Gender=Fem|Number=Sing	Σικελία	obl	206
XI	206	ἐπανήξειν	VERB	V-	Tense=Fut|VerbForm=Inf|Voice=Act	ἐπανήξω	xcomp	201
XI	207	ἐς	ADP	R-		εἰς	case	209
XI	208	τὴν	DET	S-	Case=Acc|Definite=Def|Gender=Fem|Number=Sing|PronType=Dem	ὁ	det	209
XI	209	Ἰταλίαν	PROPN	Ne	Case=Acc|Gender=Fem|Number=Sing	Ἰταλία	obl	206
XI	210	.	PUNCT	Z		.	punct	201
XI	211	καὶ	CCONJ	C-		καί	cc	212
XI	212	ἐπανῆλθεν	VERB	V-	Aspect=Perf|Mood=Ind|Number=Sing|Person=3|Tense=Past|VerbForm=Fin|Voice=Act	ἐπανέρχομαι	ROOT	212
XI	213	ἔτει	NOUN	Nb	Case=Dat|Gender=Neut|Number=Sing	ἔτος	obl	212
XI	214	τρίτῷ	ADJ	Mo	Case=Dat|Gender=Neut|Number=Sing	τρίτῷ	nmod	213
XI	215	,	PUNCT	Z		,	punct	212
XI	216	Καρχηδονίων	ADJ	A-	Case=Gen|Degree=Pos|Gender=Masc|Number=Plur	Καρχηδόνιος	nsubj	218
XI	217	αὐτὸν	PRON	Pp	Case=Acc|Gender=Masc|Number=Sing|Person=3|PronType=Prs	αὐτός	obj	218
XI	218	ἐξελασάντων	VERB	V-	Aspect=Perf|Case=Gen|Gender=Masc|Number=Plur|Tense=Past|VerbForm=Part|Voice=Act	ἐξελαύνω	ROOT	218
XI	219	ἐκ	ADP	R-		ἐκ	case	220
XI	220	Σικελίας	PROPN	Ne	Case=Gen|Gender=Fem|Number=Sing	Σικελία	obl	218
XI	221	.	PUNCT	Z		.	ROOT	221
XI	222	id.	PUNCT	Z		id.	ROOT	222
XI	223	p.	PUNCT	Z		p.	ROOT	223
XI	224	348.	PUNCT	Z		348.	ROOT	224
XII	0	ὅτι	SCONJ	G-		ὅτι	mark	12
XII	1	Πύρρος	PROPN	Ne	Case=Nom|Gender=Masc|Number=Sing	Πύρρος	nsubj	12
XII	2	μετὰ	ADP	R-		μετά	case	4
XII	3	τὴν	DET	S-	Case=Acc|Definite=Def|Gender=Fem|Number=Sing|PronType=Dem	ὁ	det	4
XII	4	μάχην	NOUN	Nb	Case=Acc|Gender=Fem|Number=Sing	μάχη	obl	12
XII	5	καὶ	CCONJ	C-		καί	cc	4
XII	6	τὰς	DET	S-	Case=Acc|Definite=Def|Gender=Fem|Number=Plur|PronType=Dem	ὁ	det	9
XII	7	πρὸς	ADP	R-		πρός	case	8
XII	8	Ῥωμαίους	ADJ	A-	Case=Acc|Degree=Pos|Gender=Masc|Number=Plur	Ῥωμαῖος	nmod	9
XII	9	συνθήκας	NOUN	Nb	Case=Acc|Gender=Fem|Number=Plur	συνθήκη	conj	4
XII	10	ἐς	ADP	R-		εἰς	case	11
XII	11	Σικελίαν	PROPN	Ne	Case=Acc|Gender=Fem|Number=Sing	Σικελία	obl	12
XII	12	διέπλει	VERB	V-	Aspect=Imp|Mood=Ind|Number=Sing|Person=3|Tense=Past|VerbForm=Fin|Voice=Act	διέπλω	ROOT	12
XII	13	,	PUNCT	Z		,	advmod	12
XII	14	ὑποσχόμενος	VERB	V-	Aspect=Perf|Case=Nom|Gender=Masc|Number=Sing|Tense=Past|VerbForm=Part|Voice=Mid	ὑπισχνέομαι	ROOT	14
XII	15	τοῖς	DET	S-	Case=Dat|Definite=Def|Gender=Masc|Number=Plur|PronType=Dem	ὁ	det	16
XII	16	συμμάχοις	NOUN	Nb	Case=Dat|Gender=Masc|Number=Plur	σύμμαχος	iobj	14
XII	17	ἐκ	ADP	R-		ἐκ	case	18
XII	18	Σικελίας	PROPN	Ne	Case=Gen|Gender=Fem|Number=Sing	Σικελία	obl	19
XII	19	ἐπανήξειν	VERB	V-	Tense=Fut|VerbForm=Inf|Voice=Act	ἐπανήξω	xcomp	14
XII	20	ἐς	ADP	R-		εἰς	case	21
XII	21	Ἰταλίαν	PROPN	Ne	Case=Acc|Gender=Fem|Number=Sing	Ἰταλία	obl	19
XII	22	.	PUNCT	Z		.	punct	14
XII	23	καὶ	CCONJ	C-		καί	cc	24
XII	24	ἐπανῆλθεν	VERB	V-	Aspect=Perf|Mood=Ind|Number=Sing|Person=3|Tense=Past|VerbForm=Fin|Voice=Act	ἐπανέρχομαι	ROOT	24
XII	25	ἔτει	NOUN	Nb	Case=Dat|Gender=Neut|Number=Sing	ἔτος	obl	24
XII	26	τρίτῳ	ADJ	Mo	Case=Dat|Gender=Neut|Number=Sing	τρίτος	nmod	25
XII	27	,	PUNCT	Z		,	advcl	24
XII	28	Καρχηδονίων	ADJ	A-	Case=Gen|Degree=Pos|Gender=Masc|Number=Plur	Καρχηδόνιος	nsubj	30
XII	29	αὐτὸν	PRON	Pp	Case=Acc|Gender=Masc|Number=Sing|Person=3|PronType=Prs	αὐτός	obj	30
XII	30	ἐξελασάντων	VERB	V-	Aspect=Perf|Case=Gen|Gender=Masc|Number=Plur|Tense=Past|VerbForm=Part|Voice=Act	ἐξελαύνω	dep	27
XII	31	ἐκ	ADP	R-		ἐκ	case	32
XII	32	Σικελίας	PROPN	Ne	Case=Gen|Gender=Fem|Number=Sing	Σικελία	obl	30
XII	33	,	PUNCT	Z		,	parataxis	24
XII	34	ἤδη	ADV	Df		ἤδη	advmod	48
XII	35	καὶ	ADV	Df		καί	advmod	37
XII	36	τοῖς	DET	S-	Case=Dat|Definite=Def|Gender=Masc|Number=Plur|PronType=Dem	ὁ	det	37
XII	37	Σικελιώταις	NOUN	Nb	Case=Dat|Gender=Masc|Number=Plur	Σικελιώτης	iobj	48
XII	38	βαρὺν	ADJ	A-	Case=Acc|Degree=Pos|Gender=Masc|Number=Sing	βαρύς	xcomp	48
XII	39	ἐπί	ADP	R-		ἐπί	case	41
XII	40	τε	CCONJ	C-		τε	cc	41
XII	41	ξενίαις	NOUN	Nb	Case=Dat|Gender=Fem|Number=Plur	ξενία	obl	48
XII	42	καὶ	CCONJ	C-		καί	cc	41
XII	43	χορηγίαις	NOUN	Nb	Case=Dat|Gender=Fem|Number=Plur	χορηγία	conj	41
XII	44	καὶ	CCONJ	C-		καί	cc	41
XII	45	φρουραῖς	NOUN	Nb	Case=Dat|Gender=Fem|Number=Plur	φρουρά	conj	41
XII	46	καὶ	CCONJ	C-		καί	cc	41
XII	47	ἐσφοραῖς	NOUN	Nb	Case=Dat|Gender=Fem|Number=Plur	ἐσφορή	conj	41
XII	48	γενόμενον	VERB	V-	Aspect=Perf|Case=Acc|Gender=Masc|Number=Sing|Tense=Past|VerbForm=Part|Voice=Mid	γίγνομαι	ROOT	48
XII	49	.	PUNCT	Z		.	punct	48
XII	50	ὁ	DET	S-	Case=Nom|Definite=Def|Gender=Masc|Number=Sing|PronType=Dem	ὁ	det	60
XII	51	μὲν	ADV	Df		μέν	discourse	60
XII	52	δὴ	ADV	Df		δή	discourse	60
XII	53	πλούσιος	ADJ	A-	Case=Nom|Degree=Pos|Gender=Masc|Number=Sing	πλούσιος	xcomp	56
XII	54	ἐν	ADP	R-		ἐν	case	55
XII	55	τῶνδε	ADJ	Pd	Case=Gen|Gender=Neut|Number=Plur	ὅδε	obl	56
XII	56	γεγονὼς	VERB	V-	Aspect=Perf|Case=Nom|Gender=Masc|Number=Sing|Tense=Past|VerbForm=Part|Voice=Act	γίγνομαι	advcl	60
XII	57	ἐς	ADP	R-		εἰς	case	59
XII	58	τὸ	DET	S-	Case=Acc|Definite=Def|Gender=Neut|Number=Sing|PronType=Dem	ὁ	det	59
XII	59	Ῥήγιον	PROPN	Ne	Case=Acc|Gender=Neut|Number=Sing	Ῥήγιον	obl	60
XII	60	διέπλει	VERB	V-	Aspect=Imp|Mood=Ind|Number=Sing|Person=3|Tense=Past|VerbForm=Fin|Voice=Act	διέπλω	ROOT	60
XII	61	ναυσὶ	NOUN	Nb	Case=Dat|Gender=Fem|Number=Plur	ναῦς	obl	60
XII	62	καταφράκτοις	ADJ	A-	Case=Dat|Degree=Pos|Gender=Fem|Number=Plur	κατάφρακτος	amod	61
XII	63	δέκα	NUM	Ma		δέκα	nummod	61
XII	64	καὶ	CCONJ	C-		καί	cc	63
XII	65	ἑκατόν	NUM	Ma		ἑκατόν	conj	63
XII	66	,	PUNCT	Z		,	advcl	60
XII	67	φορτίσι	NOUN	Nb	Case=Dat|Gender=Fem|Number=Plur	φορτίς	ROOT	67
XII	68	δὲ	ADV	Df		δέ	discourse	67
XII	69	καὶ	CCONJ	C-		καί	cc	67
XII	70	ὁλκάσι	NOUN	Nb	Case=Dat|Gender=Fem|Number=Plur	ὁλκάς	conj	67
XII	71	πολὺ	ADJ	A-	Case=Acc|Degree=Pos|Gender=Neut|Number=Sing	πολύς	advmod	72
XII	72	πλείοσιν	ADJ	A-	Case=Dat|Degree=Cmp|Gender=Fem|Number=Plur	πολύς	amod	70
XII	73	·	PUNCT	Z		·	ROOT	73
XII	74	οἱ	DET	S-	Case=Nom|Definite=Def|Gender=Masc|Number=Plur|PronType=Dem	ὁ	det	76
XII	75	δὲ	ADV	Df		δέ	discourse	79
XII	76	Καρχηδόνιοι	ADJ	A-	Case=Nom|Degree=Pos|Gender=Masc|Number=Plur	Καρχηδόνιος	nsubj	79
XII	77	διαναυμαχήσαντες	VERB	V-	Aspect=Perf|Case=Nom|Gender=Masc|Number=Plur|Tense=Past|VerbForm=Part|Voice=Act	διαναυμαχήω	advcl	79
XII	78	αὐτῷ	PRON	Pp	Case=Dat|Gender=Masc|Number=Sing|Person=3|PronType=Prs	αὐτός	iobj	77
XII	79	κατέδυσαν	VERB	V-	Aspect=Perf|Mood=Ind|Number=Plur|Person=3|Tense=Past|VerbForm=Fin|Voice=Act	καταδύω	ROOT	79
XII	80	ναῦς	NOUN	Nb	Case=Acc|Gender=Fem|Number=Plur	ναῦς	obj	79
XII	81	ἑβδομήκοντα	NUM	Ma		ἑβδομήκοντα	nummod	80
XII	82	,	PUNCT	Z		,	dep	79
XII	83	καὶ	CCONJ	C-		καί	cc	79
XII	84	τὰς	DET	S-	Case=Acc|Definite=Def|Gender=Fem|Number=Plur|PronType=Dem	ὁ	det	85
XII	85	λοιπὰς	ADJ	A-	Case=Acc|Degree=Pos|Gender=Fem|Number=Plur	λοιπός	obj	87
XII	86	ἄπλους	ADJ	A-	Case=Acc|Degree=Pos|Gender=Fem|Number=Plur	ἄπλοος	xcomp	87
XII	87	ἐποίησαν	VERB	V-	Aspect=Perf|Mood=Ind|Number=Plur|Person=3|Tense=Past|VerbForm=Fin|Voice=Act	ποιέω	conj	79
XII	88	,	PUNCT	Z		,	dep	87
XII	89	πλὴν	ADP	R-		πλήν	case	90
XII	90	δώδεκα	NUM	Ma		δώδεκα	nummod	88
XII	91	μόνων	NUM	A-	Case=Gen|Gender=Masc|Number=Plur	μόνος	appos	90
XII	92	,	PUNCT	Z		,	dep	87
XII	93	αἷς	PRON	Pr	Case=Dat|Gender=Fem|Number=Plur|PronType=Rel	ὅς	nmod	98
XII	94	ὁ	DET	S-	Case=Nom|Definite=Def|Gender=Masc|Number=Sing|PronType=Dem	ὁ	det	95
XII	95	Πύρρος	PROPN	Ne	Case=Nom|Gender=Masc|Number=Sing	Πύρρος	nsubj	97
XII	96	διαφυγὼν	VERB	V-	Aspect=Perf|Case=Nom|Gender=Masc|Number=Sing|Tense=Past|VerbForm=Part|Voice=Act	διαφεύγω	advcl	97
XII	97	ἐτίνυτο	VERB	V-	Aspect=Imp|Mood=Ind|Number=Sing|Person=3|Tense=Past|VerbForm=Fin|Voice=Mid	τίνυμι	acl	85
XII	98	Λοκροὺς	NOUN	Nb	Case=Acc|Gender=Masc|Number=Plur	Λοκρός	obj	97
XII	99	τοὺς	DET	S-	Case=Acc|Definite=Def|Gender=Masc|Number=Plur|PronType=Dem	ὁ	det	98
XII	100	ἐπιζεφυρίους	ADJ	A-	Case=Acc|Degree=Pos|Gender=Masc|Number=Plur	ἐπιζεφυρίους	amod	98
XII	101	,	PUNCT	Z		,	dep	79
XII	102	ὅτι	SCONJ	G-		ὅτι	mark	110
XII	103	φρουρὰν	NOUN	Nb	Case=Acc|Gender=Fem|Number=Sing	φρουρά	obj	109
XII	104	αὐτοῦ	PRON	Pp	Case=Gen|Gender=Masc|Number=Sing|Person=3|PronType=Prs	αὐτός	det	103
XII	105	καὶ	CCONJ	C-		καί	cc	103
XII	106	τὸν	DET	S-	Case=Acc|Definite=Def|Gender=Masc|Number=Sing|PronType=Dem	ὁ	det	107
XII	107	φρούραρχον	NOUN	Nb	Case=Acc|Gender=Masc|Number=Sing	φρούραρχος	conj	103
XII	108	αὐτῆς	PRON	Pp	Case=Gen|Gender=Fem|Number=Sing|Person=3|PronType=Prs	αὐτός	det	107
XII	109	,	PUNCT	Z		,	advmod	110
XII	110	ὑβρίσαντας	VERB	V-	Aspect=Perf|Case=Acc|Gender=Masc|Number=Plur|Tense=Past|VerbForm=Part|Voice=Act	ὑβρίζω	advcl	101
XII	111	ἐς	ADP	R-		εἰς	case	112
XII	112	αὐτούς	PRON	Pp	Case=Acc|Gender=Masc|Number=Plur|Person=3|PronType=Prs	αὐτός	obl	110
XII	113	,	PUNCT	Z		,	parataxis	79
XII	114	ἀνῃρήκεσαν	VERB	V-	Mood=Ind|Number=Plur|Person=3|Tense=Pqp|VerbForm=Fin|Voice=Act	ἀναιρέω	ROOT	114
XII	115	.	PUNCT	Z		.	punct	114
XII	116	ὠμῶς	ADV	Df	Degree=Pos	ὠμός	advmod	132
XII	117	δʼ	ADV	Df		δέ	discourse	132
XII	118	αὐτοὺς	PRON	Pp	Case=Acc|Gender=Masc|Number=Plur|Person=3|PronType=Prs	αὐτός	obj	121
XII	119	καὶ	CCONJ	C-		καί	dep	132
XII	120	πικρῶς	ADV	Df	Degree=Pos	πικρῶς	dep	132
XII	121	κτείνων	VERB	V-	Case=Nom|Gender=Masc|Number=Sing|Tense=Pres|VerbForm=Part|Voice=Act	κτείνω	advcl	132
XII	122	τε	CCONJ	C-		τε	cc	121
XII	123	καὶ	CCONJ	C-		καί	cc	121
XII	124	συλῶν	PROPN	Ne	Case=Nom|Gender=Masc|Number=Sing	συλέω	conj	121
XII	125	ὁ	DET	S-	Case=Nom|Definite=Def|Gender=Masc|Number=Sing|PronType=Dem	ὁ	det	126
XII	126	Πύρρος	PROPN	Ne	Case=Nom|Gender=Masc|Number=Sing	Πύρρος	nsubj	132
XII	127	οὐδὲ	ADV	Df	Polarity=Neg	οὐδέ	advmod	132
XII	128	τῶν	DET	S-	Case=Gen|Definite=Def|Gender=Neut|Number=Plur|PronType=Dem	ὁ	det	129
XII	129	ἀναθημάτων	NOUN	Nb	Case=Gen|Gender=Neut|Number=Plur	ἀνάθημα	iobj	132
XII	130	τῆς	DET	S-	Case=Gen|Definite=Def|Gender=Fem|Number=Sing|PronType=Dem	ὁ	det	131
XII	131	Περσεφόνης	PROPN	Ne	Case=Gen|Gender=Fem|Number=Sing	Περσεφόνη	nmod	129
XII	132	ἀπέσχετο	VERB	V-	Aspect=Perf|Mood=Ind|Number=Sing|Person=3|Tense=Past|VerbForm=Fin|Voice=Mid	ἀπέχω	ROOT	132
XII	133	,	PUNCT	Z		,	dep	132
XII	134	ἐπισκώψας	VERB	V-	Aspect=Perf|Case=Nom|Gender=Masc|Number=Sing|Tense=Past|VerbForm=Part|Voice=Act	ἐπισκώπτω	ROOT	134
XII	135	τὴν	DET	S-	Case=Acc|Definite=Def|Gender=Fem|Number=Sing|PronType=Dem	ὁ	det	137
XII	136	ἄκαιρον	ADJ	A-	Case=Acc|Degree=Pos|Gender=Fem|Number=Sing	ἄκαιρος	amod	137
XII	137	θεοσέβειαν	NOUN	Nb	Case=Acc|Gender=Fem|Number=Sing	θεοσέβεια	nsubj	139
XII	138	εἶναι	AUX	V-	Tense=Pres|VerbForm=Inf|Voice=Act	εἰμί	cop	139
XII	139	δεισιδαιμονίαν	NOUN	Nb	Case=Acc|Gender=Fem|Number=Sing	δεισιδαιμονία	ccomp	134
XII	140	,	PUNCT	Z		,	cc	134
XII	141	τὸ	DET	S-	Case=Acc|Definite=Def|Gender=Neut|Number=Sing|PronType=Dem	ὁ	det	143
XII	142	δὲ	ADV	Df		δέ	discourse	143
XII	143	συλλέξαι	VERB	V-	Aspect=Perf|Tense=Past|VerbForm=Inf|Voice=Act	συλλέγω	nsubj	146
XII	144	πλοῦτον	NOUN	Nb	Case=Acc|Gender=Masc|Number=Sing	πλοῦτος	obj	143
XII	145	ἄπονον	ADJ	A-	Case=Acc|Degree=Pos|Gender=Fem|Number=Sing	ἄπονος	amod	144
XII	146	εὐβουλίαν	NOUN	Nb	Case=Acc|Gender=Fem|Number=Sing	εὐβουλία	ccomp	134
XII	147	.	PUNCT	Z		.	punct	134
XII	148	ἀναχθέντα	VERB	V-	Aspect=Perf|Case=Acc|Gender=Masc|Number=Sing|Tense=Past|VerbForm=Part|Voice=Pass	ἀνάσσω	advcl	155
XII	149	δʼ	ADV	Df		δέ	discourse	155
XII	150	αὐτὸν	PRON	Pp	Case=Acc|Gender=Masc|Number=Sing|Person=3|PronType=Prs	αὐτός	obj	155
XII	151	μετὰ	ADP	R-		μετά	case	153
XII	152	τῶν	DET	S-	Case=Gen|Definite=Def|Gender=Masc|Number=Plur|PronType=Dem	ὁ	det	153
XII	153	σύλων	PROPN	Ne	Case=Gen|Gender=Neut|Number=Plur	σύλος	obl	148
XII	154	χειμὼν	NOUN	Nb	Case=Nom|Gender=Masc|Number=Sing	χειμών	nsubj	155
XII	155	ὑπέλαβε	VERB	V-	Aspect=Perf|Mood=Ind|Number=Sing|Person=3|Tense=Past|VerbForm=Fin|Voice=Act	ὑπολαμβάνω	ROOT	155
XII	156	,	PUNCT	Z		,	dep	155
XII	157	καὶ	CCONJ	C-		καί	ROOT	157
XII	158	τῶν	DET	S-	Case=Gen|Definite=Def|Number=Plur|PronType=Dem	ὁ	det	159
XII	159	νεῶν	NOUN	Nb	Case=Gen|Gender=Fem|Number=Plur	ναῦς	nmod	160
XII	160	τὰς	PRON	Pp	Case=Acc|Gender=Fem|Number=Plur|Person=3|PronType=Prs	ὁ	obj	162
XII	161	μὲν	ADV	Df		μέν	discourse	162
XII	162	κατέδυσε	VERB	V-	Aspect=Perf|Mood=Ind|Number=Sing|Person=3|Tense=Past|VerbForm=Fin|Voice=Act	κατέδυσε	ROOT	162
XII	163	καὶ	CCONJ	C-		καί	cc	162
XII	164	διέφθειρεν	VERB	V-	Aspect=Perf|Mood=Ind|Number=Sing|Person=3|Tense=Past|VerbForm=Fin|Voice=Act	διαφθείρω	conj	162
XII	165	αὐτοῖς	PRON	Pp	Case=Dat|Gender=Masc|Number=Plur|Person=3|PronType=Prs	αὐτός	det	166
XII	166	ἀνδράσι	NOUN	Nb	Case=Dat|Gender=Masc|Number=Plur	ἀνήρ	obl	164
XII	167	,	PUNCT	Z		,	appos	160
XII	168	τὰς	PRON	Pp	Case=Acc|Gender=Fem|Number=Plur|Person=3|PronType=Prs	ὁ	obj	173
XII	169	δʼ	ADV	Df		δέ	discourse	168
XII	170	ἐς	ADP	R-		εἰς	case	172
XII	171	τὴν	DET	S-	Case=Acc|Definite=Def|Gender=Fem|Number=Sing|PronType=Dem	ὁ	det	172
XII	172	γῆν	NOUN	Nb	Case=Acc|Gender=Fem|Number=Sing	γῆ	obl	173
XII	173	ἐξέρριψεν	VERB	V-	Aspect=Perf|Mood=Ind|Number=Sing|Person=3|Tense=Past|VerbForm=Fin|Voice=Act	ἐξέρριψεν	conj	162
XII	174	.	PUNCT	Z		.	punct	162
XII	175	τὰ	DET	S-	Case=Acc|Definite=Def|Gender=Neut|Number=Plur|PronType=Dem	ὁ	det	177
XII	176	δὲ	ADV	Df		δέ	discourse	186
XII	177	ἱερὰ	ADJ	A-	Case=Acc|Degree=Pos|Gender=Neut|Number=Plur	ἱερός	obj	186
XII	178	πάντα	DET	Px	Case=Acc|Gender=Neut|Number=Plur	πᾶς	det	177
XII	179	σῶα	PROPN	Ne	Case=Acc|Gender=Masc|Number=Sing	σῶς	xcomp	186
XII	180	ὁ	DET	S-	Case=Nom|Definite=Def|Gender=Masc|Number=Sing|PronType=Dem	ὁ	det	181
XII	181	κλύδων	NOUN	Nb	Case=Nom|Gender=Masc|Number=Sing	κλύδων	nsubj	186
XII	182	ἐς	ADP	R-		εἰς	case	185
XII	183	τοὺς	DET	S-	Case=Acc|Definite=Def|Gender=Masc|Number=Plur|PronType=Dem	ὁ	det	185
XII	184	Λοκρῶν	NOUN	Nb	Case=Gen|Gender=Masc|Number=Plur	Λοκρός	nmod	185
XII	185	λιμένας	NOUN	Nb	Case=Acc|Gender=Masc|Number=Plur	λιμήν	obl	186
XII	186	ἐπανήγαγεν	VERB	V-	Aspect=Perf|Mood=Ind|Number=Sing|Person=3|Tense=Past|VerbForm=Fin|Voice=Act	ἐπανάγω	ROOT	186
XII	187	,	PUNCT	Z		,	dep	186
XII	188	ὥστε	SCONJ	G-		ὥστε	mark	195
XII	189	καὶ	ADV	Df		καί	case	193
XII	190	Πύρρον	PROPN	Ne	Case=Acc|Gender=Masc|Number=Sing	Πύρρος	case	193
XII	191	ὀψὲ	ADV	Df		ὀψέ	case	193
XII	192	τῆς	DET	S-	Case=Gen|Definite=Def|Gender=Fem|Number=Sing|PronType=Dem	ὁ	det	193
XII	193	ἀσεβείας	NOUN	Nb	Case=Gen|Gender=Fem|Number=Sing	ἀσέβεια	obl	195
XII	194	αἰσθόμενον	VERB	V-	Aspect=Perf|Case=Acc|Gender=Masc|Number=Sing|Tense=Past|VerbForm=Part|Voice=Mid	αἰσθάνομαι	advcl	195
XII	195	ἀναθεῖναί	VERB	V-	Aspect=Perf|Tense=Past|VerbForm=Inf|Voice=Act	ἀνατίθημι	ROOT	195
XII	196	τε	CCONJ	C-		τε	cc	195
XII	197	αὐτὰ	PRON	Pp	Case=Acc|Gender=Neut|Number=Plur|Person=3|PronType=Prs	αὐτός	obj	195
XII	198	ἐς	ADP	R-		εἰς	case	200
XII	199	τὸ	DET	S-	Case=Acc|Definite=Def|Gender=Neut|Number=Sing|PronType=Dem	ὁ	det	200
XII	200	ἱερὸν	NOUN	Nb	Case=Acc|Gender=Neut|Number=Sing	ἱερόν	obl	195
XII	201	τῇ	DET	S-	Case=Dat|Definite=Def|Gender=Fem|Number=Sing|PronType=Dem	ὁ	det	202
XII	202	Περσεφόνῃ	PROPN	Ne	Case=Dat|Gender=Fem|Number=Sing	Περσεφόνη	iobj	195
XII	203	,	PUNCT	Z		,	nsubj	195
XII	204	καὶ	CCONJ	C-		καί	cc	195
XII	205	θυσίαις	NOUN	Nb	Case=Dat|Gender=Fem|Number=Plur	θυσία	obl	206
XII	206	ἱλάσκεσθαι	VERB	V-	Tense=Pres|VerbForm=Inf|Voice=Mid	ἱλάσκομαι	conj	195
XII	207	τὴν	DET	S-	Case=Acc|Definite=Def|Gender=Fem|Number=Sing|PronType=Dem	ὁ	det	208
XII	208	θεὸν	NOUN	Nb	Case=Acc|Gender=Fem|Number=Sing	θεός	obj	206
XII	209	πολλαῖς	ADJ	A-	Case=Dat|Degree=Pos|Gender=Fem|Number=Plur	πολύς	amod	208
XII	210	.	PUNCT	Z		.	punct	195
XII	211	τῶν	DET	S-	Case=Gen|Definite=Def|Number=Plur|PronType=Dem	ὁ	det	218
XII	212	δὲ	ADV	Df		δέ	discourse	218
XII	213	ἱερῶν	NOUN	Nb	Case=Gen|Gender=Neut|Number=Plur	ἱερόν	nsubj	215
XII	214	οὐκ	ADV	Df	Polarity=Neg	οὐ	advmod	215
XII	215	ἀπαντώντων	VERB	V-	Aspect=Perf|Case=Gen|Gender=Masc|Number=Plur|Tense=Past|VerbForm=Part|Voice=Act	ἀπαντάω	advcl	218
XII	216	ἔτι	ADV	Df		ἔτι	discourse	218
XII	217	μᾶλλον	ADV	Df	Degree=Cmp	μᾶλλον	advmod	218
XII	218	ἐξεμαίνετο	VERB	V-	Aspect=Imp|Mood=Ind|Number=Sing|Person=3|Tense=Past|VerbForm=Fin|Voice=Pass	ἐκμαίνω	ROOT	218
XII	219	,	PUNCT	Z		,	dep	218
XII	220	καὶ	CCONJ	C-		καί	ROOT	220
XII	221	τοὺς	DET	S-	Case=Acc|Definite=Def|Gender=Masc|Number=Plur|PronType=Dem	ὁ	det	226
XII	222	περὶ	ADP	R-		περί	case	224
XII	223	τῆς	DET	S-	Case=Gen|Definite=Def|Gender=Fem|Number=Sing|PronType=Dem	ὁ	det	224
XII	224	ἱεροσυλίας	NOUN	Nb	Case=Gen|Gender=Fem|Number=Sing	ἱεροσυλία	obl	226
XII	225	αὐτῷ	PRON	Pp	Case=Dat|Gender=Masc|Number=Sing|Person=3|PronType=Prs	αὐτός	iobj	226
XII	226	συμβουλεύσαντας	VERB	V-	Aspect=Perf|Case=Acc|Gender=Masc|Number=Plur|Tense=Past|VerbForm=Part|Voice=Act	συμβουλεύζω	obj	230
XII	227	ἢ	CCONJ	C-		ἤ	cc	226
XII	228	λέγοντι	VERB	V-	Case=Dat|Gender=Masc|Number=Sing|Tense=Pres|VerbForm=Part|Voice=Act	λέγω	advcl	229
XII	229	συνθεμένους	VERB	V-	Aspect=Perf|Case=Acc|Gender=Masc|Number=Plur|Tense=Past|VerbForm=Part|Voice=Mid	συντίθημι	conj	226
XII	230	,	PUNCT	Z		,	ROOT	230
XII	231	ἢ	CCONJ	C-		ἤ	cc	230
XII	232	διακονησαμένους	VERB	V-	Aspect=Perf|Case=Acc|Gender=Masc|Number=Plur|Tense=Past|VerbForm=Part|Voice=Mid	διάκονησαμαι	conj	230
XII	233	τὸ	DET	S-	Case=Acc|Definite=Def|Gender=Neut|Number=Sing|PronType=Dem	ὁ	det	234
XII	234	ἔργον	NOUN	Nb	Case=Acc|Gender=Neut|Number=Sing	ἔργον	obj	232
XII	235	,	PUNCT	Z		,	punct	230
XII	236	ἔκτεινεν	VERB	V-	Aspect=Perf|Mood=Ind|Number=Sing|Person=3|Tense=Past|VerbForm=Fin|Voice=Act	κτείνω	ROOT	236
XII	237	.	PUNCT	Z		.	punct	236
XII	238	ὁ	DET	S-	Case=Nom|Definite=Def|Gender=Masc|Number=Sing|PronType=Dem	ὁ	det	241
XII	239	μὲν	ADV	Df		μέν	discourse	243
XII	240	δὴ	ADV	Df		δή	discourse	243
XII	241	Πύρρος	ADJ	A-	Case=Nom|Degree=Pos|Gender=Masc|Number=Sing	Πύρρος	nsubj	243
XII	242	οὕτως	ADV	Df		οὕτως	advmod	243
XII	243	ἐπεπράχει	VERB	V-	Mood=Ind|Number=Sing|Person=3|Tense=Pqp|VerbForm=Fin|Voice=Act	πράσσω	ROOT	243
XII	244	κακῶς	ADV	Df	Degree=Pos	κακῶς	advmod	243
XII	245	.	PUNCT	Z		.	punct	243
XII	246	Val.	PUNCT	Z		Val.	ROOT	246
XII	247	p.554.	PUNCT	Z		p.554.	ROOT	247
